50 759
16 20
16 15
16 17
16 34
16 14
16 7
16 25
16 28
16 35
16 3
16 19
16 6
16 10
16 11
16 22
16 2
16 46
16 9
16 36
16 39
16 48
16 24
16 38
16 29
16 21
16 4
16 43
16 37
16 8
16 33
16 30
16 40
16 13
16 44
16 5
16 49
20 15
20 17
20 34
20 14
20 7
20 25
20 28
20 35
20 3
20 19
20 6
20 10
20 11
20 22
20 2
20 46
20 9
20 36
20 39
20 48
20 24
20 38
20 29
20 21
20 12
20 37
20 0
20 27
20 33
20 40
20 13
20 31
20 5
20 18
20 42
20 1
20 49
15 17
15 34
15 14
15 7
15 25
15 28
15 35
15 3
15 19
15 6
15 10
15 11
15 22
15 2
15 46
15 9
15 36
15 39
15 48
15 24
15 38
15 29
15 37
15 47
15 33
15 30
15 40
15 13
15 31
15 23
15 41
15 1
15 49
17 34
17 14
17 7
17 25
17 28
17 35
17 3
17 19
17 6
17 10
17 11
17 22
17 2
17 46
17 9
17 36
17 39
17 48
17 24
17 38
17 29
17 21
17 12
17 43
17 45
17 30
17 13
17 44
17 42
17 1
17 49
34 14
34 7
34 25
34 28
34 35
34 3
34 19
34 6
34 10
34 11
34 22
34 2
34 46
34 9
34 36
34 39
34 48
34 24
34 38
34 29
34 21
34 4
34 45
34 47
34 0
34 8
34 26
34 13
34 32
34 42
34 41
34 1
34 49
14 7
14 25
14 28
14 35
14 3
14 19
14 6
14 10
14 11
14 22
14 2
14 46
14 9
14 36
14 39
14 48
14 24
14 38
14 29
14 47
14 0
14 27
14 8
14 26
14 30
14 13
14 44
14 32
14 5
14 18
14 42
7 25
7 28
7 35
7 3
7 19
7 6
7 10
7 11
7 22
7 2
7 46
7 9
7 36
7 39
7 48
7 24
7 38
7 29
7 21
7 43
7 47
7 0
7 27
7 26
7 30
7 40
7 44
7 31
7 32
7 41
7 1
25 28
25 35
25 3
25 19
25 6
25 10
25 11
25 22
25 2
25 46
25 9
25 36
25 39
25 48
25 24
25 38
25 29
25 37
25 27
25 8
25 33
25 26
25 40
25 13
25 5
25 23
25 42
25 41
25 49
28 35
28 3
28 19
28 6
28 10
28 11
28 22
28 2
28 46
28 9
28 36
28 39
28 48
28 24
28 38
28 29
28 21
28 45
28 47
28 8
28 33
28 13
28 31
28 5
28 18
28 42
35 3
35 19
35 6
35 10
35 11
35 22
35 2
35 46
35 9
35 36
35 39
35 48
35 24
35 38
35 29
35 21
35 4
35 45
35 47
35 27
35 8
35 40
35 13
35 44
35 5
35 23
35 18
35 42
35 41
35 49
3 19
3 6
3 10
3 11
3 22
3 2
3 46
3 9
3 36
3 39
3 48
3 24
3 38
3 29
3 12
3 4
3 43
3 37
3 47
3 27
3 33
3 31
3 5
3 18
3 41
19 6
19 10
19 11
19 22
19 2
19 46
19 9
19 36
19 39
19 48
19 24
19 38
19 29
19 21
19 12
19 37
19 45
19 27
19 26
19 13
19 44
19 31
19 23
19 41
19 1
19 49
6 10
6 11
6 22
6 2
6 46
6 9
6 36
6 39
6 48
6 24
6 38
6 29
6 4
6 43
6 37
6 47
6 27
6 8
6 33
6 26
6 44
6 31
6 32
6 5
6 18
6 42
6 49
10 11
10 22
10 2
10 46
10 9
10 36
10 39
10 48
10 24
10 38
10 29
10 12
10 45
10 47
10 0
10 26
10 30
10 13
10 32
10 5
10 23
10 18
10 42
10 41
11 22
11 2
11 46
11 9
11 36
11 39
11 48
11 24
11 38
11 29
11 21
11 4
11 37
11 45
11 47
11 27
11 8
11 40
11 13
11 44
11 18
11 42
11 41
11 1
22 2
22 46
22 9
22 36
22 39
22 48
22 24
22 38
22 29
22 12
22 4
22 43
22 33
22 26
22 40
22 13
22 44
22 5
22 23
22 18
22 41
2 46
2 9
2 36
2 39
2 48
2 24
2 38
2 29
2 12
2 43
2 45
2 0
2 26
2 40
2 13
2 44
2 18
2 42
2 41
2 1
46 9
46 36
46 39
46 48
46 24
46 38
46 29
46 4
46 45
46 27
46 8
46 33
46 31
46 5
46 23
46 41
9 36
9 39
9 48
9 24
9 38
9 29
9 12
9 4
9 37
9 45
9 47
9 0
9 33
9 26
9 44
9 5
9 23
9 18
9 1
9 49
36 39
36 48
36 24
36 38
36 29
36 21
36 12
36 43
36 45
36 47
36 8
36 33
36 26
36 13
36 44
36 23
36 42
36 1
36 49
39 48
39 24
39 38
39 29
39 12
39 45
39 8
39 26
39 30
39 40
39 31
39 32
39 18
39 41
39 1
39 49
48 24
48 38
48 29
48 21
48 4
48 37
48 47
48 0
48 33
48 26
48 30
48 13
48 31
48 32
48 5
48 23
48 18
48 42
48 1
24 38
24 29
24 21
24 12
24 37
24 0
24 27
24 8
24 26
24 40
24 13
24 31
24 18
38 29
38 21
38 12
38 43
38 37
38 45
38 47
38 27
38 8
38 26
38 40
38 5
38 23
38 18
38 42
38 49
29 12
29 45
29 47
29 0
29 8
29 30
29 13
29 44
29 23
29 18
29 41
29 1
29 49
21 12
21 4
21 43
21 47
21 27
21 8
21 26
21 40
21 13
21 32
21 23
12 45
12 0
12 27
12 8
12 30
12 13
12 5
12 23
12 18
12 42
12 41
4 43
4 37
4 47
4 0
4 27
4 8
4 33
4 26
4 30
4 32
4 23
4 41
4 1
4 49
43 37
43 0
43 27
43 33
43 26
43 13
43 5
43 23
43 18
43 42
43 49
37 45
37 47
37 0
37 26
37 40
37 13
37 18
37 41
45 0
45 40
45 44
45 31
45 42
47 27
47 40
47 44
47 31
47 32
47 5
47 23
47 42
47 1
47 49
0 33
0 26
0 30
0 31
0 32
0 23
0 1
0 49
27 8
27 33
27 32
27 5
27 18
27 42
27 41
27 1
27 49
8 44
8 5
8 18
8 42
8 41
8 1
8 49
33 30
33 40
33 32
33 5
33 23
33 42
33 49
26 30
26 44
26 32
26 5
26 23
26 18
26 41
26 49
30 40
30 44
30 18
30 1
40 32
40 1
40 49
13 44
13 18
13 1
44 31
44 32
44 5
44 18
44 41
44 1
31 32
31 5
31 41
32 5
32 23
32 41
32 49
5 23
5 18
5 41
5 49
23 41
23 1
18 41
18 1
18 49
42 41
41 49
