20 181
4 2
4 17
4 15
4 1
4 19
4 14
4 9
4 5
4 7
4 8
4 0
4 6
4 18
4 16
4 3
4 13
4 11
4 10
4 12
2 17
2 15
2 1
2 19
2 14
2 9
2 5
2 7
2 8
2 0
2 6
2 18
2 16
2 3
2 13
2 11
2 10
17 15
17 1
17 19
17 14
17 9
17 5
17 7
17 8
17 0
17 6
17 18
17 16
17 3
17 13
17 11
17 10
15 1
15 19
15 14
15 9
15 5
15 7
15 8
15 0
15 6
15 18
15 16
15 3
15 13
15 11
15 10
15 12
1 19
1 14
1 9
1 5
1 7
1 8
1 0
1 6
1 18
1 16
1 3
1 13
1 11
1 10
1 12
19 14
19 9
19 5
19 7
19 8
19 0
19 6
19 18
19 16
19 3
19 13
19 11
19 10
14 9
14 5
14 7
14 8
14 0
14 6
14 18
14 16
14 3
14 13
14 11
14 10
9 5
9 7
9 8
9 0
9 6
9 18
9 16
9 3
9 13
9 11
9 10
5 7
5 8
5 0
5 6
5 18
5 16
5 3
5 13
5 11
5 10
5 12
7 8
7 0
7 6
7 18
7 16
7 3
7 13
7 11
7 10
8 0
8 6
8 18
8 16
8 3
8 13
8 11
8 10
8 12
0 6
0 18
0 16
0 3
0 13
0 11
0 10
0 12
6 18
6 16
6 3
6 13
6 11
6 10
6 12
18 16
18 3
18 13
18 11
18 10
18 12
16 3
16 13
16 11
16 10
3 13
3 11
3 10
3 12
13 11
13 10
13 12
11 10
