200 9953
0 2
0 7
0 9
0 13
0 16
0 18
0 19
0 21
0 22
0 23
0 24
0 25
0 26
0 27
0 29
0 31
0 36
0 37
0 39
0 49
0 50
0 52
0 54
0 55
0 56
0 58
0 59
0 62
0 63
0 68
0 71
0 73
0 75
0 78
0 80
0 81
0 82
0 83
0 84
0 85
0 89
0 91
0 93
0 94
0 96
0 97
0 100
0 101
0 103
0 105
0 108
0 109
0 111
0 112
0 114
0 115
0 118
0 124
0 125
0 127
0 128
0 129
0 131
0 133
0 135
0 136
0 139
0 140
0 141
0 143
0 144
0 147
0 152
0 154
0 164
0 165
0 166
0 170
0 173
0 174
0 176
0 177
0 181
0 184
0 186
0 190
0 192
0 195
0 196
0 199
1 2
1 3
1 4
1 5
1 9
1 10
1 11
1 12
1 13
1 14
1 15
1 17
1 18
1 23
1 26
1 29
1 30
1 32
1 34
1 36
1 40
1 47
1 48
1 49
1 51
1 53
1 55
1 57
1 58
1 59
1 61
1 63
1 64
1 65
1 70
1 71
1 77
1 79
1 82
1 83
1 86
1 87
1 88
1 89
1 92
1 93
1 94
1 101
1 103
1 106
1 107
1 108
1 113
1 115
1 116
1 117
1 118
1 120
1 121
1 123
1 126
1 127
1 130
1 132
1 133
1 134
1 136
1 137
1 138
1 139
1 140
1 141
1 142
1 143
1 147
1 148
1 151
1 155
1 156
1 157
1 158
1 159
1 161
1 162
1 165
1 169
1 170
1 171
1 174
1 175
1 176
1 178
1 180
1 182
1 185
1 187
1 188
1 195
1 197
1 198
2 3
2 5
2 6
2 10
2 13
2 16
2 20
2 23
2 25
2 27
2 29
2 30
2 31
2 34
2 36
2 37
2 40
2 41
2 42
2 43
2 44
2 45
2 47
2 53
2 55
2 56
2 59
2 61
2 64
2 67
2 71
2 72
2 74
2 75
2 76
2 77
2 78
2 80
2 82
2 83
2 84
2 88
2 92
2 93
2 95
2 98
2 102
2 103
2 104
2 106
2 113
2 114
2 115
2 117
2 118
2 120
2 125
2 126
2 129
2 130
2 131
2 132
2 134
2 135
2 137
2 138
2 141
2 142
2 148
2 151
2 154
2 156
2 157
2 158
2 160
2 162
2 164
2 167
2 168
2 173
2 178
2 180
2 182
2 185
2 186
2 187
2 188
2 190
2 191
2 192
2 196
2 197
3 4
3 5
3 6
3 8
3 13
3 14
3 15
3 16
3 19
3 21
3 22
3 23
3 24
3 26
3 27
3 29
3 30
3 31
3 33
3 38
3 42
3 43
3 45
3 49
3 52
3 53
3 54
3 55
3 57
3 59
3 60
3 62
3 64
3 66
3 67
3 68
3 71
3 72
3 76
3 78
3 79
3 80
3 81
3 82
3 83
3 84
3 86
3 90
3 92
3 94
3 95
3 96
3 98
3 102
3 110
3 112
3 113
3 114
3 116
3 117
3 121
3 122
3 124
3 125
3 127
3 128
3 130
3 132
3 133
3 134
3 135
3 136
3 138
3 139
3 140
3 143
3 144
3 145
3 147
3 148
3 149
3 150
3 151
3 152
3 153
3 157
3 158
3 161
3 162
3 163
3 164
3 166
3 167
3 169
3 170
3 173
3 174
3 178
3 180
3 184
3 187
3 189
3 190
3 192
3 196
3 197
4 7
4 10
4 11
4 13
4 15
4 18
4 19
4 21
4 22
4 24
4 27
4 28
4 34
4 35
4 36
4 37
4 38
4 39
4 40
4 41
4 43
4 45
4 50
4 56
4 57
4 58
4 59
4 61
4 63
4 64
4 65
4 66
4 69
4 75
4 76
4 77
4 79
4 82
4 83
4 86
4 90
4 91
4 92
4 94
4 95
4 96
4 99
4 103
4 106
4 107
4 108
4 114
4 115
4 117
4 118
4 119
4 120
4 121
4 123
4 126
4 127
4 128
4 129
4 132
4 135
4 136
4 137
4 138
4 139
4 141
4 143
4 144
4 145
4 146
4 147
4 148
4 153
4 157
4 158
4 159
4 160
4 163
4 167
4 169
4 170
4 172
4 174
4 183
4 184
4 185
4 189
4 193
4 196
4 198
5 6
5 7
5 8
5 9
5 10
5 11
5 12
5 13
5 15
5 22
5 27
5 29
5 30
5 31
5 33
5 34
5 35
5 37
5 41
5 44
5 48
5 50
5 51
5 52
5 58
5 59
5 60
5 62
5 66
5 67
5 68
5 70
5 72
5 75
5 77
5 84
5 85
5 86
5 88
5 89
5 90
5 92
5 96
5 101
5 102
5 105
5 109
5 111
5 112
5 115
5 117
5 121
5 123
5 124
5 125
5 127
5 129
5 130
5 131
5 132
5 135
5 136
5 140
5 142
5 143
5 146
5 147
5 148
5 154
5 155
5 157
5 160
5 167
5 169
5 170
5 172
5 177
5 178
5 180
5 181
5 182
5 183
5 184
5 186
5 187
5 188
5 190
5 191
5 193
5 196
5 197
5 199
6 7
6 9
6 11
6 13
6 14
6 16
6 17
6 20
6 21
6 22
6 28
6 31
6 33
6 34
6 36
6 39
6 40
6 41
6 42
6 45
6 46
6 50
6 51
6 52
6 53
6 57
6 60
6 61
6 63
6 64
6 65
6 66
6 67
6 68
6 70
6 71
6 72
6 73
6 75
6 78
6 80
6 87
6 90
6 91
6 92
6 93
6 95
6 97
6 99
6 105
6 107
6 110
6 114
6 116
6 118
6 119
6 120
6 123
6 124
6 127
6 133
6 134
6 143
6 144
6 145
6 146
6 148
6 152
6 155
6 156
6 158
6 165
6 168
6 169
6 170
6 171
6 172
6 174
6 176
6 177
6 178
6 181
6 185
6 188
6 189
6 196
6 198
7 8
7 10
7 11
7 13
7 16
7 17
7 18
7 19
7 20
7 22
7 23
7 24
7 25
7 32
7 33
7 35
7 36
7 40
7 41
7 42
7 43
7 44
7 45
7 46
7 48
7 49
7 51
7 54
7 57
7 63
7 66
7 67
7 68
7 69
7 70
7 74
7 77
7 86
7 88
7 90
7 91
7 93
7 94
7 95
7 99
7 100
7 102
7 105
7 109
7 110
7 111
7 112
7 115
7 116
7 121
7 124
7 128
7 130
7 131
7 133
7 136
7 138
7 140
7 141
7 143
7 144
7 147
7 149
7 150
7 151
7 152
7 154
7 155
7 158
7 159
7 161
7 168
7 171
7 173
7 174
7 175
7 179
7 182
7 183
7 185
7 187
7 189
7 190
7 193
7 194
7 196
7 197
7 199
8 9
8 12
8 13
8 15
8 17
8 18
8 19
8 21
8 23
8 24
8 25
8 26
8 27
8 29
8 30
8 32
8 33
8 34
8 37
8 38
8 40
8 42
8 43
8 46
8 47
8 48
8 49
8 50
8 52
8 53
8 54
8 55
8 56
8 57
8 59
8 60
8 61
8 62
8 63
8 65
8 66
8 67
8 68
8 69
8 70
8 75
8 79
8 80
8 83
8 86
8 87
8 88
8 90
8 93
8 94
8 96
8 99
8 100
8 101
8 102
8 106
8 107
8 108
8 109
8 110
8 114
8 115
8 116
8 118
8 119
8 120
8 121
8 122
8 124
8 127
8 131
8 137
8 139
8 141
8 143
8 145
8 146
8 148
8 149
8 154
8 156
8 159
8 161
8 163
8 165
8 167
8 173
8 175
8 176
8 177
8 178
8 179
8 180
8 184
8 185
8 188
8 189
8 191
8 192
8 194
8 196
9 11
9 12
9 13
9 15
9 16
9 21
9 23
9 26
9 28
9 29
9 30
9 33
9 34
9 36
9 41
9 42
9 45
9 46
9 50
9 53
9 54
9 55
9 56
9 59
9 61
9 62
9 63
9 69
9 71
9 73
9 74
9 76
9 77
9 78
9 79
9 81
9 83
9 85
9 88
9 92
9 93
9 98
9 102
9 103
9 105
9 106
9 108
9 109
9 110
9 114
9 116
9 117
9 118
9 119
9 121
9 122
9 125
9 129
9 131
9 133
9 134
9 137
9 138
9 139
9 140
9 141
9 142
9 143
9 145
9 146
9 147
9 152
9 153
9 154
9 156
9 157
9 158
9 166
9 167
9 168
9 170
9 176
9 178
9 181
9 183
9 184
9 186
9 187
9 189
9 190
9 191
9 192
9 193
9 194
9 196
9 199
10 13
10 18
10 19
10 20
10 22
10 23
10 25
10 27
10 28
10 30
10 34
10 41
10 45
10 47
10 49
10 50
10 51
10 53
10 57
10 58
10 61
10 63
10 64
10 66
10 67
10 69
10 70
10 71
10 72
10 73
10 74
10 77
10 78
10 79
10 82
10 83
10 85
10 90
10 91
10 93
10 96
10 97
10 104
10 105
10 106
10 107
10 108
10 109
10 111
10 112
10 114
10 115
10 116
10 118
10 120
10 122
10 124
10 126
10 131
10 134
10 135
10 139
10 141
10 142
10 143
10 145
10 147
10 149
10 151
10 152
10 155
10 156
10 159
10 163
10 165
10 167
10 168
10 169
10 171
10 172
10 175
10 176
10 177
10 178
10 179
10 180
10 183
10 184
10 187
10 188
10 190
10 192
10 193
10 194
10 195
10 197
10 199
11 14
11 15
11 16
11 17
11 18
11 19
11 30
11 31
11 32
11 35
11 37
11 39
11 42
11 46
11 51
11 52
11 53
11 54
11 60
11 61
11 63
11 64
11 65
11 66
11 67
11 69
11 70
11 71
11 74
11 75
11 76
11 81
11 85
11 86
11 87
11 88
11 89
11 90
11 94
11 101
11 103
11 104
11 107
11 111
11 114
11 119
11 120
11 121
11 122
11 123
11 125
11 126
11 128
11 130
11 141
11 142
11 144
11 145
11 149
11 150
11 152
11 153
11 154
11 155
11 156
11 157
11 159
11 161
11 166
11 168
11 170
11 171
11 174
11 175
11 178
11 180
11 181
11 185
11 187
11 188
11 192
11 193
11 195
11 199
12 13
12 16
12 20
12 22
12 24
12 26
12 27
12 28
12 29
12 30
12 32
12 33
12 34
12 37
12 38
12 41
12 42
12 43
12 49
12 50
12 51
12 52
12 54
12 57
12 59
12 61
12 62
12 63
12 65
12 66
12 69
12 70
12 71
12 72
12 75
12 76
12 78
12 80
12 81
12 82
12 86
12 88
12 89
12 90
12 92
12 93
12 94
12 96
12 97
12 98
12 101
12 102
12 103
12 104
12 106
12 111
12 112
12 115
12 116
12 118
12 119
12 121
12 122
12 124
12 126
12 127
12 131
12 132
12 133
12 135
12 136
12 137
12 138
12 139
12 140
12 142
12 143
12 146
12 149
12 150
12 151
12 152
12 153
12 157
12 158
12 160
12 161
12 162
12 164
12 165
12 166
12 167
12 168
12 169
12 171
12 173
12 174
12 176
12 177
12 179
12 181
12 184
12 188
12 190
12 191
12 193
12 196
12 197
12 199
13 14
13 15
13 16
13 17
13 18
13 20
13 21
13 22
13 26
13 27
13 28
13 29
13 31
13 32
13 33
13 34
13 38
13 40
13 42
13 43
13 47
13 50
13 52
13 55
13 56
13 59
13 60
13 61
13 62
13 65
13 66
13 67
13 68
13 69
13 72
13 79
13 80
13 82
13 87
13 89
13 90
13 94
13 95
13 96
13 98
13 101
13 102
13 103
13 105
13 106
13 108
13 110
13 111
13 117
13 120
13 121
13 123
13 124
13 126
13 127
13 130
13 132
13 134
13 136
13 137
13 140
13 143
13 147
13 148
13 151
13 153
13 154
13 158
13 161
13 162
13 165
13 166
13 167
13 168
13 170
13 172
13 176
13 179
13 181
13 185
13 187
13 188
13 192
13 193
13 197
13 198
14 15
14 16
14 17
14 20
14 21
14 22
14 23
14 24
14 26
14 27
14 29
14 30
14 36
14 37
14 38
14 39
14 40
14 42
14 43
14 47
14 48
14 50
14 51
14 54
14 55
14 57
14 63
14 64
14 65
14 68
14 69
14 71
14 73
14 74
14 75
14 78
14 79
14 80
14 81
14 84
14 85
14 86
14 87
14 90
14 91
14 101
14 105
14 107
14 109
14 110
14 113
14 115
14 116
14 117
14 121
14 122
14 123
14 125
14 127
14 128
14 131
14 132
14 134
14 137
14 138
14 139
14 142
14 143
14 144
14 145
14 152
14 153
14 157
14 160
14 164
14 166
14 169
14 170
14 171
14 172
14 173
14 176
14 179
14 180
14 181
14 185
14 186
14 188
14 189
14 193
14 194
14 197
14 198
15 16
15 17
15 18
15 19
15 23
15 27
15 30
15 31
15 33
15 35
15 36
15 39
15 40
15 42
15 44
15 48
15 51
15 56
15 57
15 65
15 68
15 69
15 70
15 72
15 75
15 76
15 78
15 79
15 80
15 81
15 83
15 84
15 85
15 86
15 87
15 89
15 92
15 93
15 95
15 96
15 98
15 100
15 101
15 105
15 109
15 110
15 111
15 112
15 113
15 114
15 115
15 117
15 118
15 120
15 121
15 123
15 124
15 128
15 129
15 131
15 132
15 133
15 138
15 141
15 145
15 146
15 148
15 149
15 150
15 151
15 152
15 155
15 156
15 160
15 162
15 164
15 165
15 167
15 170
15 174
15 175
15 176
15 177
15 180
15 183
15 184
15 185
15 188
15 189
15 195
15 196
15 199
16 17
16 22
16 23
16 24
16 25
16 27
16 34
16 37
16 42
16 46
16 47
16 48
16 51
16 56
16 57
16 58
16 61
16 62
16 64
16 65
16 66
16 67
16 69
16 73
16 75
16 80
16 86
16 89
16 90
16 94
16 95
16 96
16 98
16 99
16 100
16 104
16 106
16 107
16 109
16 110
16 111
16 113
16 114
16 115
16 118
16 119
16 122
16 123
16 125
16 127
16 128
16 129
16 131
16 133
16 134
16 135
16 137
16 143
16 144
16 145
16 146
16 147
16 149
16 151
16 152
16 153
16 154
16 158
16 159
16 160
16 161
16 163
16 164
16 167
16 168
16 172
16 173
16 174
16 175
16 176
16 178
16 181
16 184
16 185
16 187
16 188
16 190
16 191
16 195
16 196
16 199
17 18
17 20
17 22
17 23
17 25
17 26
17 28
17 29
17 30
17 31
17 35
17 37
17 40
17 42
17 44
17 46
17 48
17 49
17 50
17 52
17 53
17 56
17 57
17 60
17 65
17 67
17 68
17 70
17 72
17 76
17 78
17 80
17 83
17 92
17 94
17 95
17 98
17 99
17 101
17 103
17 104
17 107
17 109
17 110
17 111
17 113
17 114
17 115
17 116
17 117
17 118
17 119
17 122
17 125
17 127
17 132
17 136
17 137
17 143
17 144
17 145
17 146
17 147
17 149
17 151
17 154
17 155
17 156
17 157
17 158
17 159
17 161
17 163
17 165
17 167
17 168
17 169
17 171
17 172
17 173
17 174
17 176
17 179
17 181
17 183
17 184
17 187
17 188
17 189
17 191
17 193
17 195
17 196
17 197
17 198
18 19
18 21
18 26
18 27
18 29
18 31
18 32
18 33
18 35
18 36
18 37
18 38
18 39
18 40
18 44
18 45
18 46
18 49
18 50
18 52
18 55
18 58
18 60
18 62
18 66
18 67
18 73
18 74
18 77
18 78
18 82
18 85
18 88
18 90
18 91
18 96
18 98
18 99
18 100
18 103
18 104
18 107
18 108
18 109
18 111
18 114
18 115
18 116
18 118
18 120
18 121
18 124
18 127
18 130
18 135
18 137
18 138
18 139
18 141
18 142
18 143
18 144
18 145
18 146
18 148
18 150
18 154
18 155
18 156
18 159
18 161
18 162
18 163
18 165
18 166
18 173
18 176
18 177
18 178
18 180
18 181
18 182
18 185
18 189
18 190
18 191
18 193
18 194
18 195
19 24
19 29
19 31
19 32
19 35
19 37
19 39
19 41
19 43
19 44
19 45
19 46
19 53
19 54
19 55
19 60
19 65
19 67
19 69
19 71
19 72
19 73
19 74
19 76
19 79
19 80
19 81
19 85
19 88
19 89
19 92
19 93
19 94
19 95
19 96
19 97
19 98
19 101
19 102
19 103
19 104
19 105
19 106
19 109
19 111
19 113
19 114
19 117
19 118
19 119
19 120
19 121
19 123
19 126
19 127
19 128
19 131
19 137
19 138
19 139
19 141
19 142
19 144
19 145
19 149
19 150
19 152
19 153
19 154
19 155
19 156
19 162
19 164
19 167
19 169
19 170
19 171
19 172
19 176
19 177
19 178
19 182
19 183
19 184
19 188
19 190
19 193
19 194
19 197
19 198
19 199
20 21
20 23
20 25
20 28
20 29
20 30
20 39
20 42
20 45
20 49
20 50
20 51
20 52
20 53
20 54
20 55
20 56
20 59
20 60
20 63
20 66
20 67
20 70
20 74
20 76
20 77
20 80
20 81
20 84
20 85
20 87
20 88
20 89
20 92
20 94
20 95
20 100
20 101
20 107
20 108
20 110
20 112
20 116
20 118
20 120
20 121
20 122
20 125
20 128
20 129
20 130
20 132
20 133
20 134
20 135
20 137
20 138
20 139
20 141
20 144
20 145
20 146
20 147
20 150
20 156
20 158
20 164
20 165
20 169
20 173
20 174
20 177
20 178
20 180
20 183
20 185
20 186
20 187
20 188
20 197
20 199
21 22
21 23
21 24
21 25
21 27
21 28
21 34
21 37
21 42
21 43
21 46
21 50
21 51
21 54
21 57
21 61
21 62
21 63
21 66
21 70
21 71
21 73
21 74
21 76
21 77
21 78
21 80
21 86
21 93
21 94
21 99
21 101
21 102
21 107
21 111
21 112
21 113
21 115
21 116
21 118
21 121
21 122
21 125
21 126
21 127
21 128
21 129
21 133
21 134
21 135
21 136
21 137
21 138
21 140
21 141
21 143
21 145
21 146
21 148
21 149
21 150
21 151
21 165
21 166
21 167
21 168
21 169
21 172
21 174
21 177
21 181
21 183
21 185
21 186
21 189
21 193
21 194
21 195
21 196
21 197
22 26
22 27
22 28
22 30
22 31
22 32
22 33
22 34
22 35
22 36
22 37
22 38
22 40
22 41
22 43
22 50
22 58
22 59
22 60
22 61
22 63
22 66
22 67
22 68
22 72
22 75
22 78
22 81
22 83
22 84
22 86
22 87
22 92
22 94
22 95
22 96
22 98
22 103
22 104
22 105
22 107
22 110
22 115
22 117
22 119
22 120
22 122
22 123
22 125
22 126
22 127
22 128
22 129
22 131
22 137
22 140
22 141
22 142
22 143
22 146
22 149
22 151
22 152
22 153
22 155
22 158
22 159
22 161
22 162
22 164
22 165
22 170
22 171
22 172
22 174
22 178
22 180
22 181
22 184
22 185
22 186
22 189
22 190
22 191
22 192
22 196
22 197
22 198
22 199
23 24
23 29
23 30
23 31
23 32
23 36
23 38
23 39
23 40
23 47
23 52
23 53
23 54
23 55
23 56
23 57
23 58
23 60
23 64
23 65
23 66
23 68
23 69
23 71
23 77
23 79
23 80
23 85
23 90
23 93
23 96
23 98
23 100
23 104
23 106
23 109
23 110
23 112
23 115
23 118
23 119
23 122
23 123
23 126
23 129
23 131
23 134
23 135
23 143
23 145
23 151
23 153
23 158
23 159
23 165
23 167
23 169
23 171
23 172
23 173
23 174
23 175
23 177
23 178
23 180
23 181
23 183
23 184
23 185
23 186
23 187
23 192
23 194
23 196
23 198
23 199
24 26
24 28
24 31
24 35
24 36
24 39
24 40
24 41
24 42
24 43
24 47
24 48
24 50
24 51
24 52
24 54
24 55
24 56
24 60
24 63
24 65
24 66
24 69
24 70
24 73
24 75
24 76
24 77
24 79
24 80
24 82
24 84
24 86
24 90
24 91
24 92
24 94
24 95
24 96
24 99
24 102
24 103
24 108
24 110
24 111
24 114
24 119
24 126
24 127
24 128
24 129
24 130
24 132
24 133
24 135
24 136
24 137
24 139
24 140
24 141
24 144
24 146
24 147
24 149
24 150
24 151
24 152
24 155
24 156
24 159
24 163
24 164
24 166
24 167
24 169
24 170
24 179
24 180
24 182
24 183
24 185
24 187
24 189
24 190
24 191
24 192
24 194
24 195
24 196
24 198
25 26
25 30
25 32
25 37
25 39
25 40
25 43
25 44
25 45
25 47
25 48
25 49
25 50
25 51
25 52
25 57
25 58
25 66
25 67
25 70
25 71
25 72
25 75
25 77
25 79
25 81
25 83
25 84
25 85
25 87
25 89
25 92
25 93
25 95
25 99
25 106
25 107
25 110
25 111
25 112
25 119
25 120
25 121
25 122
25 126
25 129
25 131
25 132
25 133
25 134
25 135
25 136
25 137
25 138
25 141
25 143
25 145
25 146
25 147
25 149
25 152
25 154
25 155
25 156
25 158
25 159
25 160
25 161
25 166
25 170
25 172
25 173
25 175
25 178
25 179
25 181
25 184
25 185
25 186
25 187
25 188
25 189
25 192
25 193
25 194
25 196
25 198
25 199
26 27
26 28
26 29
26 32
26 35
26 37
26 40
26 44
26 45
26 46
26 47
26 48
26 49
26 52
26 53
26 54
26 55
26 57
26 60
26 63
26 64
26 66
26 69
26 70
26 72
26 73
26 74
26 77
26 80
26 82
26 83
26 84
26 89
26 92
26 93
26 95
26 96
26 97
26 101
26 102
26 105
26 109
26 113
26 114
26 115
26 117
26 118
26 121
26 123
26 126
26 127
26 128
26 130
26 131
26 136
26 137
26 139
26 140
26 141
26 142
26 143
26 144
26 147
26 148
26 149
26 152
26 156
26 158
26 159
26 160
26 161
26 164
26 168
26 170
26 172
26 173
26 174
26 175
26 176
26 177
26 179
26 184
26 186
26 187
26 188
26 190
26 195
26 196
26 199
27 32
27 36
27 39
27 41
27 46
27 48
27 50
27 52
27 53
27 55
27 56
27 57
27 60
27 65
27 66
27 67
27 68
27 69
27 70
27 79
27 81
27 84
27 89
27 92
27 95
27 97
27 101
27 102
27 103
27 104
27 105
27 106
27 108
27 110
27 111
27 113
27 114
27 115
27 116
27 118
27 122
27 124
27 126
27 127
27 130
27 137
27 139
27 140
27 141
27 142
27 144
27 147
27 150
27 154
27 157
27 158
27 159
27 161
27 162
27 165
27 168
27 169
27 171
27 173
27 174
27 178
27 179
27 180
27 182
27 183
27 185
27 186
27 187
27 189
27 190
27 192
27 193
27 194
27 196
27 198
27 199
28 29
28 31
28 35
28 37
28 39
28 45
28 47
28 50
28 51
28 52
28 56
28 58
28 61
28 62
28 67
28 68
28 70
28 78
28 81
28 87
28 94
28 97
28 98
28 101
28 102
28 104
28 106
28 107
28 111
28 115
28 116
28 117
28 119
28 120
28 121
28 122
28 124
28 126
28 127
28 128
28 132
28 134
28 135
28 136
28 137
28 138
28 139
28 143
28 152
28 156
28 157
28 160
28 162
28 164
28 166
28 167
28 168
28 169
28 170
28 172
28 173
28 175
28 181
28 182
28 183
28 184
28 185
28 186
28 187
28 188
28 189
28 190
28 193
28 197
29 30
29 31
29 33
29 34
29 38
29 41
29 42
29 45
29 47
29 48
29 50
29 51
29 55
29 60
29 61
29 67
29 71
29 72
29 73
29 75
29 78
29 79
29 80
29 82
29 83
29 84
29 85
29 86
29 88
29 89
29 92
29 94
29 97
29 98
29 102
29 103
29 106
29 107
29 110
29 113
29 119
29 121
29 122
29 124
29 128
29 135
29 137
29 138
29 141
29 145
29 148
29 150
29 153
29 154
29 155
29 157
29 158
29 159
29 160
29 163
29 165
29 168
29 169
29 170
29 171
29 175
29 177
29 178
29 181
29 183
29 185
29 187
29 191
29 193
29 194
29 195
29 196
29 197
29 198
30 32
30 33
30 34
30 36
30 37
30 38
30 47
30 49
30 50
30 53
30 54
30 56
30 57
30 59
30 63
30 67
30 68
30 70
30 72
30 75
30 76
30 78
30 79
30 83
30 85
30 87
30 88
30 89
30 91
30 92
30 93
30 94
30 95
30 96
30 97
30 99
30 100
30 103
30 104
30 107
30 108
30 111
30 114
30 116
30 124
30 125
30 130
30 132
30 133
30 135
30 136
30 139
30 140
30 143
30 145
30 149
30 150
30 154
30 155
30 159
30 163
30 165
30 166
30 168
30 173
30 175
30 176
30 177
30 178
30 181
30 182
30 185
30 186
30 193
30 194
30 195
30 198
30 199
31 32
31 33
31 35
31 36
31 38
31 41
31 45
31 49
31 55
31 56
31 57
31 59
31 60
31 62
31 63
31 65
31 67
31 71
31 78
31 79
31 81
31 82
31 83
31 84
31 85
31 86
31 87
31 95
31 96
31 97
31 98
31 99
31 101
31 103
31 104
31 105
31 106
31 107
31 108
31 109
31 111
31 114
31 119
31 121
31 122
31 123
31 124
31 126
31 129
31 131
31 133
31 135
31 137
31 139
31 140
31 144
31 146
31 147
31 148
31 149
31 151
31 152
31 153
31 157
31 158
31 159
31 161
31 162
31 163
31 166
31 168
31 169
31 170
31 173
31 175
31 181
31 182
31 183
31 185
31 187
31 188
31 191
31 193
31 194
31 195
31 196
32 35
32 36
32 37
32 41
32 43
32 46
32 47
32 48
32 49
32 51
32 52
32 53
32 54
32 58
32 60
32 61
32 62
32 64
32 65
32 67
32 69
32 73
32 75
32 76
32 77
32 78
32 79
32 80
32 83
32 84
32 86
32 87
32 90
32 91
32 93
32 94
32 95
32 96
32 97
32 98
32 101
32 103
32 105
32 109
32 110
32 113
32 115
32 116
32 118
32 120
32 121
32 122
32 124
32 125
32 126
32 127
32 128
32 131
32 135
32 136
32 143
32 144
32 146
32 147
32 149
32 151
32 154
32 155
32 158
32 160
32 162
32 163
32 165
32 166
32 167
32 168
32 173
32 175
32 176
32 178
32 180
32 183
32 185
32 187
32 189
32 190
32 193
32 195
32 196
33 34
33 36
33 39
33 42
33 44
33 45
33 47
33 54
33 56
33 58
33 59
33 60
33 61
33 62
33 63
33 67
33 68
33 69
33 70
33 72
33 75
33 79
33 81
33 82
33 83
33 84
33 86
33 88
33 89
33 90
33 91
33 92
33 95
33 98
33 100
33 102
33 103
33 105
33 106
33 109
33 110
33 116
33 117
33 118
33 121
33 122
33 123
33 124
33 125
33 126
33 127
33 128
33 131
33 132
33 133
33 134
33 135
33 137
33 138
33 139
33 142
33 144
33 146
33 150
33 152
33 153
33 156
33 159
33 161
33 164
33 166
33 167
33 168
33 170
33 171
33 172
33 173
33 174
33 177
33 178
33 179
33 180
33 181
33 182
33 183
33 188
33 190
33 191
33 192
33 194
33 195
33 196
33 197
33 198
34 35
34 38
34 42
34 50
34 56
34 57
34 58
34 59
34 63
34 64
34 66
34 69
34 71
34 72
34 74
34 77
34 78
34 79
34 84
34 86
34 89
34 90
34 92
34 93
34 97
34 98
34 99
34 102
34 103
34 108
34 109
34 111
34 113
34 119
34 121
34 122
34 123
34 129
34 131
34 132
34 133
34 134
34 137
34 139
34 143
34 144
34 145
34 146
34 147
34 148
34 150
34 155
34 156
34 158
34 164
34 165
34 166
34 167
34 170
34 171
34 175
34 178
34 179
34 180
34 183
34 184
34 186
34 189
34 190
34 192
34 193
34 194
34 196
34 197
34 198
35 37
35 38
35 39
35 41
35 43
35 44
35 46
35 48
35 50
35 55
35 56
35 57
35 58
35 60
35 62
35 65
35 71
35 72
35 74
35 75
35 78
35 79
35 80
35 82
35 84
35 85
35 86
35 87
35 88
35 91
35 96
35 97
35 99
35 101
35 102
35 105
35 106
35 108
35 111
35 112
35 113
35 115
35 118
35 126
35 127
35 130
35 131
35 132
35 133
35 135
35 137
35 138
35 139
35 141
35 145
35 147
35 149
35 150
35 152
35 153
35 154
35 155
35 157
35 160
35 161
35 163
35 166
35 168
35 169
35 171
35 172
35 174
35 177
35 178
35 179
35 180
35 181
35 189
35 191
35 195
35 196
35 198
35 199
36 38
36 41
36 44
36 47
36 48
36 51
36 53
36 54
36 56
36 57
36 59
36 60
36 61
36 63
36 64
36 65
36 66
36 68
36 69
36 70
36 73
36 77
36 83
36 86
36 87
36 89
36 90
36 92
36 94
36 96
36 98
36 99
36 101
36 103
36 104
36 106
36 108
36 109
36 111
36 113
36 114
36 115
36 116
36 117
36 120
36 121
36 122
36 123
36 126
36 127
36 128
36 129
36 130
36 131
36 133
36 134
36 135
36 140
36 142
36 145
36 148
36 150
36 151
36 153
36 154
36 155
36 156
36 157
36 161
36 163
36 168
36 169
36 170
36 174
36 181
36 183
36 184
36 186
36 188
36 190
36 196
36 198
36 199
37 39
37 40
37 43
37 45
37 46
37 47
37 48
37 50
37 54
37 58
37 60
37 62
37 63
37 64
37 66
37 67
37 68
37 69
37 70
37 72
37 73
37 74
37 75
37 78
37 79
37 80
37 81
37 83
37 85
37 86
37 87
37 88
37 91
37 97
37 98
37 99
37 100
37 101
37 106
37 107
37 113
37 114
37 115
37 120
37 127
37 128
37 129
37 130
37 131
37 132
37 135
37 136
37 137
37 140
37 141
37 142
37 143
37 146
37 147
37 148
37 149
37 151
37 152
37 153
37 157
37 158
37 160
37 162
37 163
37 164
37 165
37 166
37 167
37 168
37 169
37 171
37 173
37 174
37 176
37 178
37 184
37 187
37 188
37 190
37 192
37 193
37 194
37 196
37 197
37 198
37 199
38 41
38 43
38 45
38 46
38 48
38 50
38 53
38 54
38 59
38 60
38 61
38 64
38 65
38 67
38 68
38 69
38 72
38 73
38 75
38 77
38 78
38 83
38 84
38 85
38 86
38 88
38 89
38 90
38 91
38 92
38 96
38 98
38 99
38 100
38 101
38 102
38 103
38 104
38 105
38 107
38 108
38 109
38 111
38 117
38 120
38 122
38 123
38 124
38 126
38 128
38 129
38 130
38 132
38 135
38 137
38 139
38 140
38 141
38 142
38 143
38 146
38 149
38 152
38 153
38 154
38 155
38 156
38 157
38 160
38 161
38 162
38 166
38 169
38 172
38 174
38 175
38 179
38 180
38 181
38 182
38 185
38 187
38 189
38 191
38 192
38 195
38 196
38 197
38 198
38 199
39 40
39 41
39 42
39 45
39 46
39 48
39 49
39 50
39 52
39 54
39 62
39 64
39 65
39 69
39 70
39 72
39 73
39 74
39 75
39 76
39 77
39 80
39 81
39 84
39 87
39 89
39 90
39 91
39 92
39 94
39 95
39 98
39 100
39 101
39 102
39 104
39 106
39 110
39 111
39 113
39 115
39 116
39 117
39 120
39 121
39 122
39 123
39 125
39 126
39 127
39 128
39 129
39 130
39 131
39 133
39 136
39 137
39 139
39 140
39 141
39 142
39 144
39 147
39 149
39 151
39 152
39 153
39 154
39 156
39 159
39 161
39 166
39 169
39 170
39 171
39 173
39 177
39 178
39 181
39 182
39 183
39 184
39 185
39 186
39 190
39 193
39 194
39 195
39 196
40 42
40 45
40 46
40 47
40 49
40 50
40 52
40 53
40 54
40 63
40 66
40 67
40 68
40 69
40 71
40 72
40 73
40 75
40 76
40 78
40 79
40 83
40 85
40 86
40 87
40 89
40 92
40 94
40 95
40 97
40 98
40 103
40 104
40 106
40 107
40 108
40 109
40 110
40 116
40 117
40 118
40 120
40 121
40 122
40 124
40 125
40 127
40 129
40 130
40 132
40 135
40 137
40 139
40 144
40 147
40 148
40 149
40 154
40 155
40 156
40 157
40 159
40 165
40 172
40 183
40 185
40 187
40 188
40 189
40 190
40 191
40 192
40 194
40 196
40 199
41 44
41 46
41 47
41 50
41 51
41 53
41 54
41 56
41 60
41 62
41 63
41 65
41 66
41 67
41 70
41 73
41 76
41 78
41 80
41 81
41 84
41 90
41 91
41 92
41 97
41 98
41 99
41 100
41 103
41 108
41 109
41 115
41 116
41 119
41 123
41 125
41 127
41 128
41 129
41 130
41 133
41 134
41 135
41 136
41 137
41 138
41 139
41 142
41 143
41 144
41 148
41 149
41 154
41 157
41 159
41 161
41 162
41 165
41 166
41 167
41 169
41 171
41 173
41 175
41 179
41 180
41 182
41 184
41 186
41 190
41 191
41 192
41 195
41 196
41 198
42 46
42 49
42 52
42 53
42 54
42 55
42 56
42 57
42 58
42 60
42 62
42 63
42 64
42 65
42 66
42 71
42 72
42 73
42 74
42 75
42 77
42 80
42 81
42 82
42 85
42 89
42 90
42 91
42 93
42 94
42 96
42 97
42 98
42 100
42 103
42 105
42 111
42 113
42 117
42 118
42 120
42 122
42 126
42 127
42 128
42 131
42 137
42 138
42 139
42 143
42 144
42 146
42 148
42 149
42 160
42 165
42 169
42 172
42 173
42 175
42 177
42 178
42 179
42 182
42 183
42 185
42 186
42 187
42 188
42 192
42 194
42 199
43 45
43 46
43 47
43 48
43 49
43 53
43 54
43 55
43 56
43 59
43 60
43 61
43 62
43 63
43 67
43 68
43 70
43 73
43 74
43 75
43 76
43 80
43 81
43 83
43 85
43 86
43 87
43 88
43 92
43 94
43 97
43 98
43 99
43 100
43 101
43 102
43 104
43 108
43 114
43 116
43 117
43 120
43 122
43 125
43 129
43 130
43 133
43 136
43 137
43 140
43 145
43 146
43 147
43 150
43 151
43 152
43 153
43 155
43 156
43 157
43 158
43 159
43 160
43 161
43 164
43 165
43 166
43 168
43 169
43 170
43 175
43 176
43 178
43 179
43 180
43 181
43 182
43 183
43 185
43 188
43 193
43 194
43 195
43 196
43 197
44 48
44 52
44 53
44 56
44 58
44 62
44 63
44 64
44 65
44 68
44 72
44 73
44 76
44 77
44 81
44 82
44 84
44 85
44 89
44 90
44 91
44 92
44 93
44 94
44 99
44 100
44 102
44 105
44 106
44 107
44 109
44 110
44 115
44 117
44 118
44 119
44 125
44 128
44 129
44 130
44 132
44 134
44 135
44 140
44 141
44 144
44 145
44 148
44 149
44 153
44 154
44 155
44 156
44 157
44 158
44 159
44 160
44 161
44 162
44 164
44 165
44 166
44 167
44 168
44 169
44 171
44 174
44 177
44 180
44 182
44 184
44 185
44 186
44 187
44 189
44 191
44 198
44 199
45 47
45 48
45 53
45 55
45 56
45 57
45 58
45 59
45 61
45 62
45 63
45 64
45 68
45 70
45 74
45 75
45 76
45 77
45 81
45 82
45 83
45 84
45 85
45 86
45 87
45 88
45 93
45 96
45 97
45 100
45 101
45 104
45 107
45 111
45 112
45 113
45 114
45 115
45 118
45 120
45 121
45 123
45 124
45 125
45 127
45 128
45 129
45 130
45 133
45 136
45 137
45 140
45 141
45 144
45 146
45 147
45 148
45 151
45 152
45 155
45 157
45 160
45 166
45 169
45 170
45 171
45 173
45 178
45 179
45 180
45 181
45 182
45 184
45 186
45 191
45 192
45 193
45 196
45 197
45 198
46 47
46 50
46 55
46 57
46 59
46 60
46 62
46 63
46 70
46 74
46 75
46 76
46 77
46 78
46 79
46 80
46 82
46 89
46 90
46 91
46 92
46 93
46 96
46 97
46 98
46 99
46 102
46 105
46 106
46 109
46 110
46 111
46 113
46 114
46 115
46 116
46 117
46 120
46 121
46 122
46 126
46 127
46 129
46 130
46 131
46 132
46 133
46 134
46 139
46 140
46 142
46 143
46 144
46 145
46 148
46 149
46 150
46 153
46 154
46 157
46 158
46 159
46 162
46 163
46 164
46 165
46 166
46 167
46 169
46 170
46 171
46 172
46 174
46 176
46 177
46 178
46 179
46 180
46 182
46 183
46 184
46 187
46 190
46 191
46 192
46 193
46 198
47 50
47 55
47 56
47 58
47 59
47 60
47 61
47 63
47 65
47 66
47 71
47 72
47 73
47 75
47 76
47 77
47 81
47 84
47 86
47 87
47 88
47 92
47 97
47 98
47 99
47 101
47 102
47 104
47 105
47 106
47 107
47 109
47 111
47 112
47 117
47 118
47 120
47 123
47 124
47 125
47 130
47 132
47 134
47 135
47 138
47 139
47 141
47 146
47 149
47 153
47 156
47 159
47 162
47 163
47 166
47 169
47 170
47 175
47 178
47 179
47 181
47 182
47 184
47 185
47 188
47 189
47 190
47 191
47 192
47 193
47 194
48 49
48 50
48 51
48 53
48 54
48 55
48 61
48 62
48 64
48 65
48 66
48 72
48 74
48 75
48 76
48 77
48 81
48 83
48 85
48 86
48 88
48 89
48 90
48 92
48 97
48 98
48 100
48 101
48 102
48 103
48 104
48 105
48 106
48 108
48 113
48 114
48 117
48 118
48 119
48 120
48 121
48 122
48 123
48 124
48 127
48 128
48 129
48 130
48 131
48 133
48 135
48 136
48 137
48 138
48 139
48 142
48 143
48 144
48 145
48 146
48 152
48 153
48 155
48 156
48 158
48 160
48 162
48 164
48 167
48 168
48 169
48 170
48 171
48 172
48 173
48 174
48 175
48 181
48 185
48 186
48 187
48 190
48 191
48 196
48 197
48 198
49 50
49 51
49 56
49 59
49 61
49 63
49 65
49 66
49 71
49 72
49 76
49 83
49 84
49 86
49 87
49 91
49 93
49 94
49 97
49 98
49 102
49 104
49 106
49 111
49 112
49 114
49 115
49 117
49 118
49 119
49 123
49 128
49 129
49 131
49 132
49 133
49 135
49 136
49 141
49 143
49 144
49 145
49 147
49 148
49 150
49 151
49 152
49 153
49 155
49 156
49 158
49 159
49 160
49 162
49 163
49 164
49 167
49 168
49 169
49 170
49 172
49 174
49 176
49 178
49 181
49 183
49 190
49 191
49 193
49 194
49 195
49 197
49 199
50 52
50 53
50 55
50 58
50 59
50 60
50 62
50 63
50 65
50 66
50 68
50 69
50 70
50 71
50 75
50 77
50 78
50 81
50 84
50 86
50 89
50 98
50 104
50 105
50 107
50 111
50 113
50 116
50 118
50 119
50 120
50 121
50 123
50 124
50 125
50 126
50 127
50 130
50 131
50 135
50 136
50 139
50 142
50 145
50 147
50 148
50 152
50 153
50 155
50 156
50 159
50 163
50 167
50 168
50 169
50 170
50 172
50 178
50 181
50 182
50 184
50 187
50 188
50 189
50 190
50 194
50 195
50 197
50 198
50 199
51 52
51 53
51 55
51 58
51 59
51 60
51 62
51 64
51 68
51 69
51 71
51 72
51 74
51 76
51 80
51 83
51 88
51 89
51 92
51 93
51 95
51 97
51 100
51 101
51 102
51 103
51 104
51 105
51 106
51 107
51 108
51 112
51 113
51 120
51 122
51 124
51 126
51 128
51 130
51 135
51 136
51 138
51 139
51 140
51 142
51 155
51 157
51 158
51 159
51 161
51 164
51 167
51 170
51 172
51 173
51 174
51 175
51 176
51 177
51 179
51 184
51 187
51 188
51 189
51 191
51 192
51 193
51 198
52 54
52 55
52 57
52 59
52 61
52 62
52 66
52 67
52 70
52 71
52 72
52 73
52 74
52 75
52 77
52 78
52 82
52 84
52 85
52 86
52 88
52 90
52 91
52 92
52 93
52 95
52 99
52 102
52 103
52 104
52 105
52 106
52 109
52 110
52 111
52 112
52 116
52 118
52 120
52 121
52 122
52 123
52 126
52 135
52 137
52 139
52 140
52 145
52 148
52 150
52 151
52 152
52 153
52 154
52 155
52 157
52 158
52 162
52 167
52 168
52 172
52 177
52 181
52 187
52 188
52 189
52 193
52 194
52 199
53 57
53 58
53 66
53 68
53 69
53 70
53 71
53 73
53 74
53 76
53 78
53 79
53 81
53 83
53 84
53 87
53 89
53 94
53 99
53 101
53 103
53 106
53 107
53 108
53 109
53 110
53 111
53 115
53 116
53 117
53 118
53 123
53 126
53 128
53 131
53 133
53 135
53 136
53 141
53 146
53 148
53 149
53 150
53 153
53 154
53 155
53 158
53 160
53 163
53 164
53 165
53 166
53 167
53 168
53 171
53 172
53 173
53 176
53 177
53 178
53 179
53 180
53 183
53 186
53 188
53 189
53 191
53 192
53 194
53 197
53 198
54 56
54 57
54 60
54 62
54 63
54 64
54 66
54 68
54 69
54 70
54 72
54 73
54 75
54 79
54 81
54 83
54 84
54 85
54 90
54 92
54 93
54 94
54 96
54 97
54 99
54 101
54 102
54 107
54 110
54 115
54 116
54 118
54 119
54 120
54 121
54 126
54 127
54 128
54 130
54 131
54 132
54 134
54 136
54 138
54 141
54 143
54 144
54 148
54 149
54 152
54 153
54 156
54 157
54 159
54 160
54 162
54 163
54 165
54 166
54 168
54 173
54 174
54 175
54 177
54 179
54 182
54 184
54 187
54 188
54 189
54 190
54 194
54 195
54 197
54 199
55 56
55 57
55 58
55 59
55 60
55 61
55 62
55 63
55 66
55 67
55 70
55 73
55 74
55 80
55 81
55 82
55 84
55 86
55 93
55 95
55 96
55 97
55 103
55 104
55 105
55 107
55 108
55 110
55 111
55 112
55 115
55 116
55 118
55 119
55 120
55 122
55 123
55 132
55 134
55 136
55 138
55 140
55 145
55 147
55 149
55 152
55 154
55 155
55 162
55 163
55 165
55 166
55 170
55 173
55 175
55 176
55 177
55 178
55 180
55 183
55 185
55 188
55 189
55 193
55 195
55 196
55 198
56 57
56 59
56 61
56 67
56 68
56 70
56 71
56 72
56 73
56 75
56 77
56 79
56 82
56 86
56 87
56 89
56 91
56 94
56 99
56 101
56 102
56 103
56 105
56 112
56 114
56 115
56 122
56 124
56 126
56 127
56 129
56 130
56 131
56 132
56 136
56 137
56 139
56 140
56 141
56 142
56 143
56 145
56 146
56 147
56 148
56 149
56 150
56 151
56 152
56 153
56 158
56 160
56 161
56 162
56 169
56 177
56 178
56 181
56 182
56 184
56 186
56 188
56 190
56 191
56 198
56 199
57 59
57 60
57 62
57 63
57 67
57 69
57 70
57 74
57 76
57 77
57 78
57 79
57 82
57 84
57 85
57 88
57 89
57 90
57 92
57 93
57 94
57 97
57 99
57 100
57 101
57 103
57 104
57 108
57 115
57 116
57 117
57 121
57 123
57 125
57 127
57 129
57 131
57 137
57 141
57 142
57 143
57 145
57 148
57 152
57 153
57 154
57 160
57 161
57 162
57 166
57 167
57 168
57 170
57 171
57 172
57 173
57 174
57 176
57 177
57 178
57 180
57 182
57 183
57 186
57 193
57 194
57 195
57 196
57 197
57 198
57 199
58 59
58 60
58 63
58 64
58 65
58 66
58 68
58 69
58 71
58 74
58 76
58 81
58 82
58 84
58 85
58 86
58 87
58 89
58 93
58 97
58 98
58 101
58 108
58 112
58 114
58 115
58 119
58 121
58 122
58 123
58 125
58 126
58 127
58 128
58 129
58 134
58 135
58 136
58 138
58 139
58 142
58 144
58 145
58 148
58 149
58 150
58 152
58 153
58 155
58 157
58 159
58 160
58 163
58 165
58 166
58 169
58 177
58 178
58 179
58 182
58 183
58 185
58 186
58 187
58 191
58 194
58 197
58 198
58 199
59 60
59 62
59 63
59 64
59 68
59 69
59 71
59 74
59 78
59 81
59 82
59 85
59 86
59 87
59 88
59 89
59 90
59 91
59 92
59 94
59 95
59 96
59 97
59 98
59 100
59 103
59 104
59 105
59 106
59 115
59 117
59 125
59 126
59 130
59 131
59 132
59 133
59 134
59 135
59 138
59 139
59 140
59 141
59 142
59 148
59 150
59 152
59 154
59 155
59 159
59 169
59 170
59 172
59 178
59 179
59 180
59 181
59 182
59 184
59 186
59 187
59 192
59 193
59 195
59 197
59 199
60 61
60 66
60 69
60 71
60 73
60 76
60 77
60 78
60 79
60 80
60 81
60 83
60 84
60 87
60 89
60 90
60 92
60 96
60 97
60 98
60 100
60 101
60 102
60 106
60 107
60 110
60 112
60 113
60 114
60 116
60 117
60 118
60 120
60 121
60 122
60 126
60 128
60 129
60 130
60 131
60 135
60 139
60 140
60 141
60 142
60 144
60 146
60 147
60 148
60 150
60 154
60 155
60 158
60 160
60 164
60 165
60 166
60 168
60 174
60 175
60 176
60 177
60 178
60 180
60 181
60 185
60 186
60 188
60 189
60 192
60 194
60 195
60 198
61 62
61 63
61 64
61 67
61 69
61 70
61 71
61 73
61 77
61 78
61 79
61 80
61 81
61 82
61 85
61 87
61 90
61 92
61 100
61 101
61 102
61 105
61 106
61 108
61 110
61 112
61 116
61 117
61 118
61 119
61 120
61 123
61 126
61 127
61 129
61 130
61 132
61 133
61 136
61 138
61 139
61 142
61 143
61 144
61 145
61 146
61 147
61 148
61 149
61 150
61 153
61 155
61 157
61 158
61 160
61 161
61 165
61 166
61 167
61 169
61 170
61 172
61 173
61 174
61 178
61 181
61 182
61 183
61 184
61 185
61 188
61 190
61 193
61 195
62 63
62 65
62 66
62 68
62 69
62 70
62 71
62 72
62 74
62 75
62 77
62 79
62 82
62 83
62 93
62 94
62 95
62 96
62 99
62 103
62 104
62 108
62 109
62 110
62 114
62 116
62 117
62 118
62 120
62 121
62 128
62 129
62 132
62 133
62 135
62 136
62 138
62 140
62 141
62 143
62 145
62 150
62 152
62 159
62 160
62 161
62 164
62 166
62 167
62 169
62 170
62 176
62 177
62 181
62 182
62 183
62 184
62 185
62 188
62 189
62 191
62 193
62 194
62 195
62 199
63 64
63 65
63 68
63 70
63 71
63 72
63 74
63 76
63 78
63 80
63 82
63 89
63 90
63 97
63 103
63 106
63 109
63 112
63 114
63 115
63 116
63 118
63 119
63 122
63 123
63 125
63 126
63 127
63 128
63 131
63 132
63 133
63 134
63 135
63 138
63 139
63 141
63 142
63 143
63 145
63 146
63 147
63 148
63 149
63 151
63 152
63 155
63 157
63 158
63 160
63 161
63 162
63 163
63 166
63 168
63 169
63 172
63 174
63 175
63 176
63 177
63 178
63 182
63 183
63 184
63 185
63 191
63 193
63 194
63 196
63 197
63 198
64 65
64 67
64 71
64 82
64 85
64 86
64 87
64 92
64 95
64 99
64 100
64 101
64 102
64 103
64 104
64 105
64 108
64 111
64 113
64 115
64 117
64 118
64 122
64 123
64 124
64 126
64 128
64 129
64 130
64 132
64 133
64 134
64 135
64 137
64 139
64 140
64 141
64 142
64 144
64 146
64 148
64 149
64 150
64 152
64 153
64 154
64 155
64 156
64 160
64 161
64 162
64 165
64 166
64 167
64 168
64 173
64 177
64 180
64 183
64 185
64 190
64 191
64 192
64 194
64 195
64 196
64 197
64 199
65 67
65 68
65 69
65 75
65 76
65 80
65 82
65 83
65 84
65 85
65 86
65 87
65 89
65 90
65 91
65 92
65 93
65 95
65 97
65 100
65 103
65 104
65 105
65 108
65 109
65 110
65 111
65 113
65 115
65 117
65 118
65 119
65 120
65 122
65 123
65 124
65 128
65 129
65 137
65 139
65 140
65 141
65 142
65 144
65 145
65 147
65 149
65 150
65 151
65 152
65 153
65 154
65 155
65 156
65 157
65 160
65 161
65 165
65 166
65 168
65 170
65 171
65 172
65 174
65 175
65 178
65 179
65 181
65 183
65 185
65 186
65 191
65 192
65 195
65 199
66 67
66 70
66 73
66 77
66 78
66 79
66 80
66 86
66 94
66 96
66 97
66 98
66 99
66 100
66 101
66 102
66 105
66 108
66 109
66 110
66 111
66 113
66 114
66 115
66 117
66 118
66 125
66 126
66 129
66 130
66 132
66 134
66 136
66 137
66 142
66 143
66 145
66 146
66 147
66 148
66 149
66 150
66 151
66 152
66 156
66 157
66 158
66 161
66 162
66 165
66 166
66 167
66 170
66 171
66 172
66 175
66 177
66 179
66 180
66 181
66 185
66 186
66 189
66 194
66 195
66 198
67 70
67 72
67 73
67 74
67 75
67 80
67 81
67 82
67 84
67 85
67 86
67 88
67 90
67 91
67 101
67 102
67 103
67 104
67 105
67 108
67 109
67 111
67 112
67 113
67 114
67 115
67 116
67 122
67 124
67 127
67 128
67 136
67 137
67 140
67 143
67 144
67 145
67 146
67 147
67 148
67 152
67 157
67 159
67 160
67 163
67 164
67 165
67 167
67 168
67 169
67 170
67 171
67 172
67 173
67 175
67 176
67 178
67 179
67 183
67 185
67 186
67 187
67 188
67 189
67 191
67 192
67 194
67 195
68 69
68 72
68 76
68 77
68 78
68 79
68 81
68 83
68 84
68 86
68 91
68 92
68 94
68 95
68 96
68 98
68 102
68 104
68 106
68 110
68 111
68 117
68 118
68 119
68 120
68 123
68 124
68 125
68 127
68 129
68 131
68 132
68 134
68 135
68 137
68 139
68 141
68 143
68 146
68 147
68 149
68 150
68 153
68 154
68 155
68 156
68 157
68 158
68 159
68 160
68 164
68 165
68 167
68 168
68 172
68 173
68 175
68 176
68 177
68 179
68 180
68 181
68 182
68 183
68 185
68 188
68 192
68 196
68 197
68 198
69 70
69 72
69 73
69 74
69 77
69 78
69 81
69 82
69 86
69 89
69 90
69 92
69 93
69 94
69 95
69 96
69 97
69 98
69 100
69 104
69 106
69 110
69 114
69 115
69 122
69 124
69 126
69 129
69 134
69 135
69 137
69 141
69 145
69 150
69 153
69 155
69 156
69 159
69 160
69 163
69 164
69 166
69 167
69 168
69 169
69 170
69 171
69 172
69 173
69 174
69 175
69 176
69 177
69 179
69 181
69 184
69 185
69 187
69 188
69 189
69 190
69 191
69 194
69 196
69 197
70 71
70 73
70 74
70 78
70 80
70 81
70 82
70 83
70 84
70 85
70 86
70 87
70 88
70 91
70 92
70 94
70 96
70 101
70 105
70 107
70 110
70 111
70 112
70 114
70 115
70 118
70 119
70 120
70 123
70 124
70 125
70 126
70 127
70 128
70 130
70 133
70 135
70 136
70 137
70 138
70 140
70 141
70 142
70 143
70 144
70 145
70 152
70 155
70 159
70 160
70 161
70 163
70 165
70 166
70 167
70 169
70 171
70 172
70 173
70 175
70 177
70 179
70 182
70 183
70 184
70 185
70 188
70 189
70 192
70 193
70 196
70 198
70 199
71 72
71 73
71 74
71 77
71 79
71 81
71 85
71 86
71 87
71 91
71 92
71 96
71 97
71 98
71 99
71 100
71 103
71 109
71 112
71 113
71 114
71 115
71 116
71 118
71 120
71 123
71 125
71 127
71 130
71 132
71 133
71 134
71 135
71 136
71 139
71 141
71 142
71 146
71 150
71 151
71 152
71 154
71 161
71 162
71 164
71 165
71 166
71 168
71 170
71 179
71 185
71 186
71 189
71 190
71 191
71 194
71 195
71 196
71 197
71 199
72 75
72 76
72 79
72 80
72 82
72 83
72 84
72 86
72 88
72 92
72 94
72 95
72 96
72 97
72 98
72 99
72 101
72 102
72 103
72 104
72 105
72 106
72 107
72 109
72 110
72 111
72 112
72 116
72 117
72 121
72 123
72 124
72 126
72 127
72 129
72 131
72 132
72 134
72 136
72 137
72 139
72 141
72 142
72 143
72 144
72 145
72 147
72 149
72 150
72 153
72 156
72 157
72 158
72 159
72 160
72 161
72 162
72 163
72 164
72 165
72 167
72 173
72 174
72 176
72 179
72 180
72 181
72 183
72 186
72 187
72 188
72 189
72 194
72 195
72 196
72 197
73 74
73 77
73 78
73 79
73 80
73 83
73 84
73 87
73 88
73 89
73 90
73 93
73 94
73 99
73 101
73 102
73 104
73 106
73 107
73 109
73 111
73 112
73 113
73 114
73 117
73 118
73 119
73 120
73 121
73 125
73 126
73 128
73 131
73 132
73 133
73 134
73 135
73 136
73 141
73 142
73 143
73 145
73 146
73 148
73 149
73 150
73 151
73 152
73 154
73 155
73 158
73 159
73 161
73 163
73 165
73 166
73 167
73 170
73 171
73 172
73 174
73 175
73 176
73 177
73 179
73 182
73 183
73 184
73 186
73 188
73 191
73 192
73 193
73 195
73 198
74 75
74 78
74 80
74 81
74 82
74 91
74 92
74 93
74 95
74 99
74 101
74 103
74 104
74 105
74 106
74 111
74 112
74 114
74 117
74 118
74 121
74 122
74 124
74 125
74 126
74 127
74 129
74 133
74 137
74 138
74 142
74 143
74 144
74 147
74 148
74 150
74 151
74 152
74 153
74 158
74 159
74 160
74 161
74 162
74 163
74 164
74 166
74 167
74 168
74 169
74 172
74 173
74 174
74 175
74 176
74 179
74 180
74 183
74 184
74 186
74 187
74 188
74 189
74 193
74 194
74 196
75 76
75 78
75 79
75 84
75 87
75 88
75 91
75 95
75 97
75 98
75 99
75 100
75 101
75 102
75 103
75 104
75 106
75 110
75 115
75 116
75 117
75 119
75 122
75 125
75 128
75 129
75 131
75 132
75 133
75 135
75 136
75 137
75 138
75 139
75 144
75 145
75 148
75 150
75 152
75 153
75 156
75 158
75 159
75 161
75 162
75 166
75 167
75 169
75 173
75 174
75 177
75 178
75 179
75 181
75 182
75 184
75 185
75 186
75 187
75 190
75 192
75 193
75 195
75 196
75 198
76 79
76 80
76 81
76 82
76 83
76 85
76 86
76 87
76 88
76 89
76 90
76 92
76 94
76 99
76 101
76 103
76 104
76 106
76 109
76 116
76 117
76 125
76 126
76 128
76 130
76 134
76 136
76 137
76 141
76 142
76 144
76 145
76 146
76 149
76 152
76 153
76 154
76 158
76 161
76 163
76 164
76 166
76 169
76 170
76 171
76 172
76 173
76 176
76 177
76 178
76 179
76 181
76 183
76 186
76 187
76 188
76 189
76 190
76 191
76 193
76 195
76 196
76 198
76 199
77 79
77 80
77 82
77 85
77 87
77 88
77 89
77 90
77 91
77 93
77 94
77 96
77 99
77 100
77 102
77 103
77 104
77 107
77 109
77 110
77 113
77 115
77 116
77 117
77 120
77 121
77 128
77 129
77 132
77 135
77 137
77 139
77 140
77 142
77 143
77 144
77 145
77 146
77 147
77 150
77 151
77 154
77 156
77 157
77 160
77 162
77 164
77 165
77 170
77 171
77 173
77 174
77 175
77 176
77 177
77 178
77 179
77 182
77 184
77 187
77 188
77 189
77 191
77 194
77 197
77 198
77 199
78 80
78 83
78 87
78 89
78 92
78 93
78 94
78 96
78 98
78 99
78 100
78 101
78 106
78 107
78 109
78 114
78 119
78 122
78 123
78 127
78 137
78 141
78 142
78 145
78 147
78 148
78 153
78 154
78 156
78 159
78 162
78 163
78 166
78 169
78 174
78 175
78 178
78 180
78 181
78 183
78 185
78 189
78 190
78 192
78 193
78 195
79 81
79 84
79 85
79 89
79 90
79 92
79 95
79 96
79 98
79 99
79 103
79 104
79 105
79 106
79 109
79 110
79 111
79 115
79 116
79 117
79 118
79 121
79 122
79 123
79 127
79 128
79 130
79 131
79 135
79 136
79 138
79 141
79 143
79 144
79 145
79 147
79 148
79 151
79 153
79 154
79 157
79 159
79 160
79 162
79 165
79 167
79 170
79 173
79 174
79 175
79 178
79 181
79 182
79 183
79 184
79 189
79 193
79 194
79 197
80 81
80 83
80 84
80 85
80 86
80 88
80 89
80 90
80 91
80 92
80 93
80 94
80 97
80 98
80 99
80 100
80 101
80 106
80 109
80 112
80 113
80 116
80 120
80 123
80 124
80 125
80 126
80 127
80 128
80 129
80 130
80 132
80 133
80 134
80 135
80 137
80 138
80 139
80 145
80 147
80 148
80 149
80 150
80 152
80 153
80 156
80 158
80 161
80 162
80 164
80 167
80 168
80 169
80 171
80 172
80 174
80 175
80 176
80 178
80 180
80 186
80 187
80 191
80 192
80 193
80 194
80 196
80 198
80 199
81 83
81 84
81 88
81 89
81 93
81 94
81 99
81 101
81 103
81 105
81 106
81 108
81 112
81 118
81 122
81 126
81 127
81 131
81 132
81 133
81 135
81 138
81 139
81 140
81 143
81 144
81 145
81 147
81 149
81 151
81 153
81 154
81 155
81 160
81 161
81 162
81 165
81 166
81 168
81 171
81 177
81 179
81 180
81 183
81 185
81 186
81 188
81 189
81 191
81 192
81 193
81 194
81 195
81 196
81 197
81 199
82 83
82 84
82 85
82 87
82 89
82 90
82 91
82 96
82 98
82 99
82 100
82 102
82 107
82 109
82 110
82 111
82 112
82 113
82 114
82 115
82 121
82 122
82 124
82 125
82 127
82 128
82 129
82 134
82 135
82 136
82 138
82 139
82 140
82 142
82 143
82 145
82 146
82 147
82 148
82 152
82 154
82 156
82 157
82 158
82 159
82 160
82 161
82 163
82 164
82 165
82 168
82 169
82 170
82 174
82 176
82 178
82 180
82 181
82 182
82 183
82 184
82 186
82 187
82 189
82 191
82 193
82 194
82 198
83 84
83 86
83 87
83 88
83 89
83 93
83 94
83 95
83 96
83 98
83 105
83 106
83 109
83 110
83 111
83 114
83 117
83 118
83 123
83 126
83 127
83 128
83 129
83 131
83 134
83 135
83 137
83 140
83 142
83 143
83 147
83 148
83 149
83 152
83 154
83 158
83 160
83 162
83 164
83 166
83 168
83 172
83 174
83 175
83 176
83 177
83 179
83 183
83 184
83 185
83 188
83 189
83 191
83 192
83 198
84 87
84 88
84 91
84 92
84 93
84 96
84 97
84 98
84 101
84 102
84 104
84 105
84 106
84 107
84 108
84 110
84 112
84 113
84 114
84 117
84 122
84 123
84 125
84 127
84 132
84 133
84 134
84 136
84 138
84 139
84 140
84 144
84 146
84 148
84 150
84 153
84 156
84 159
84 160
84 162
84 164
84 165
84 167
84 168
84 170
84 173
84 174
84 175
84 176
84 180
84 182
84 183
84 186
84 189
84 191
84 192
84 196
84 197
84 199
85 88
85 89
85 91
85 93
85 94
85 98
85 99
85 103
85 108
85 109
85 110
85 111
85 114
85 115
85 117
85 120
85 122
85 124
85 126
85 127
85 128
85 129
85 130
85 132
85 134
85 135
85 136
85 137
85 138
85 140
85 142
85 146
85 147
85 148
85 149
85 150
85 154
85 162
85 163
85 165
85 167
85 168
85 170
85 177
85 178
85 179
85 181
85 183
85 187
85 189
85 192
85 195
85 196
85 197
85 198
85 199
86 87
86 90
86 93
86 94
86 97
86 108
86 109
86 111
86 112
86 113
86 114
86 115
86 117
86 122
86 123
86 124
86 128
86 130
86 134
86 136
86 137
86 139
86 140
86 141
86 143
86 147
86 148
86 149
86 150
86 153
86 154
86 155
86 156
86 159
86 161
86 162
86 164
86 165
86 167
86 168
86 169
86 170
86 174
86 175
86 176
86 178
86 179
86 180
86 181
86 183
86 184
86 185
86 186
86 187
86 190
86 192
86 193
86 194
86 196
86 197
86 199
87 92
87 95
87 96
87 98
87 100
87 102
87 103
87 105
87 107
87 108
87 110
87 112
87 113
87 116
87 118
87 120
87 122
87 123
87 125
87 127
87 128
87 131
87 132
87 133
87 135
87 138
87 139
87 142
87 144
87 147
87 151
87 153
87 156
87 157
87 159
87 160
87 163
87 164
87 165
87 168
87 170
87 171
87 173
87 177
87 178
87 181
87 182
87 185
87 187
87 188
87 190
87 191
87 192
87 194
87 195
87 196
87 197
87 198
87 199
88 90
88 91
88 92
88 93
88 96
88 98
88 99
88 101
88 102
88 104
88 105
88 110
88 111
88 114
88 119
88 122
88 123
88 125
88 126
88 129
88 132
88 133
88 137
88 138
88 139
88 140
88 141
88 144
88 145
88 146
88 147
88 151
88 152
88 153
88 159
88 160
88 161
88 165
88 167
88 168
88 169
88 170
88 172
88 173
88 174
88 177
88 178
88 180
88 181
88 184
88 185
88 187
88 188
88 189
88 190
88 191
89 92
89 93
89 95
89 97
89 101
89 103
89 104
89 105
89 106
89 109
89 111
89 115
89 117
89 120
89 121
89 124
89 125
89 127
89 129
89 130
89 133
89 136
89 139
89 140
89 146
89 147
89 152
89 156
89 159
89 163
89 165
89 166
89 167
89 171
89 172
89 174
89 180
89 181
89 184
89 187
89 189
89 192
89 193
89 194
89 196
90 93
90 94
90 95
90 97
90 98
90 101
90 102
90 104
90 105
90 107
90 111
90 114
90 115
90 121
90 122
90 123
90 126
90 128
90 130
90 137
90 138
90 139
90 142
90 143
90 145
90 146
90 147
90 148
90 150
90 152
90 155
90 156
90 157
90 160
90 165
90 167
90 168
90 169
90 170
90 175
90 176
90 177
90 180
90 181
90 183
90 184
90 185
90 187
90 190
90 191
90 192
90 193
90 194
90 196
90 198
91 92
91 93
91 96
91 99
91 100
91 106
91 107
91 111
91 113
91 114
91 116
91 118
91 122
91 124
91 126
91 127
91 130
91 131
91 132
91 133
91 134
91 135
91 137
91 141
91 144
91 147
91 151
91 152
91 154
91 155
91 158
91 160
91 163
91 165
91 167
91 169
91 175
91 176
91 178
91 180
91 182
91 183
91 184
91 189
91 191
91 192
91 193
91 195
91 197
91 198
92 93
92 96
92 98
92 99
92 102
92 107
92 108
92 109
92 110
92 111
92 114
92 115
92 116
92 117
92 118
92 122
92 123
92 124
92 125
92 129
92 130
92 133
92 134
92 135
92 136
92 137
92 140
92 146
92 149
92 150
92 151
92 155
92 156
92 159
92 160
92 161
92 166
92 167
92 169
92 170
92 171
92 173
92 177
92 178
92 180
92 181
92 185
92 186
92 188
92 189
92 192
92 194
92 195
92 196
92 197
92 199
93 94
93 102
93 103
93 107
93 108
93 111
93 113
93 114
93 116
93 120
93 122
93 123
93 125
93 126
93 132
93 134
93 135
93 137
93 138
93 141
93 144
93 145
93 146
93 152
93 154
93 155
93 156
93 157
93 160
93 161
93 163
93 164
93 165
93 166
93 167
93 168
93 170
93 172
93 174
93 180
93 181
93 182
93 183
93 184
93 185
93 190
93 192
93 195
93 196
93 197
93 198
94 95
94 98
94 99
94 100
94 102
94 103
94 106
94 107
94 111
94 112
94 113
94 114
94 115
94 116
94 118
94 119
94 120
94 126
94 127
94 128
94 130
94 133
94 136
94 139
94 142
94 143
94 144
94 145
94 146
94 148
94 151
94 153
94 157
94 159
94 166
94 167
94 170
94 173
94 177
94 180
94 181
94 182
94 184
94 185
94 186
94 188
94 189
94 190
94 191
94 193
94 197
94 198
94 199
95 96
95 97
95 99
95 102
95 103
95 104
95 108
95 110
95 115
95 117
95 118
95 119
95 121
95 124
95 128
95 129
95 130
95 131
95 132
95 137
95 138
95 139
95 141
95 144
95 145
95 146
95 147
95 150
95 151
95 153
95 155
95 156
95 163
95 164
95 165
95 166
95 167
95 172
95 174
95 176
95 177
95 179
95 180
95 181
95 182
95 183
95 185
95 189
95 193
95 194
95 195
95 197
95 198
95 199
96 97
96 100
96 101
96 103
96 108
96 110
96 111
96 115
96 116
96 118
96 120
96 121
96 124
96 125
96 126
96 129
96 130
96 134
96 136
96 137
96 139
96 148
96 149
96 152
96 153
96 155
96 158
96 159
96 160
96 164
96 165
96 168
96 169
96 172
96 173
96 176
96 177
96 180
96 181
96 182
96 183
96 184
96 186
96 190
96 191
96 192
96 194
96 195
96 196
96 198
96 199
97 99
97 102
97 107
97 109
97 111
97 117
97 122
97 125
97 127
97 133
97 135
97 139
97 140
97 141
97 142
97 144
97 149
97 150
97 151
97 152
97 153
97 156
97 158
97 160
97 161
97 162
97 163
97 164
97 166
97 168
97 169
97 171
97 172
97 175
97 176
97 177
97 180
97 181
97 182
97 183
97 186
97 187
97 189
97 190
97 191
97 193
97 194
97 195
97 197
97 198
97 199
98 99
98 102
98 107
98 108
98 110
98 111
98 113
98 114
98 115
98 119
98 120
98 129
98 131
98 133
98 134
98 140
98 141
98 143
98 145
98 146
98 150
98 151
98 155
98 156
98 157
98 159
98 161
98 164
98 165
98 169
98 171
98 172
98 173
98 174
98 175
98 176
98 180
98 181
98 182
98 184
98 186
98 187
98 191
98 196
98 199
99 102
99 103
99 104
99 106
99 107
99 108
99 112
99 113
99 114
99 115
99 120
99 122
99 123
99 124
99 127
99 130
99 131
99 133
99 134
99 136
99 139
99 141
99 143
99 144
99 146
99 150
99 154
99 156
99 157
99 158
99 159
99 161
99 164
99 166
99 168
99 169
99 170
99 171
99 173
99 174
99 175
99 180
99 182
99 183
99 184
99 186
99 187
99 194
99 195
100 102
100 104
100 107
100 108
100 112
100 113
100 115
100 116
100 118
100 119
100 120
100 121
100 122
100 124
100 125
100 126
100 127
100 129
100 131
100 133
100 135
100 137
100 138
100 141
100 142
100 144
100 146
100 147
100 148
100 150
100 151
100 156
100 158
100 166
100 167
100 170
100 173
100 178
100 180
100 183
100 186
100 188
100 189
100 190
100 191
100 193
100 194
100 196
100 199
101 104
101 107
101 111
101 112
101 116
101 120
101 122
101 127
101 130
101 132
101 134
101 135
101 139
101 140
101 141
101 142
101 144
101 146
101 147
101 148
101 150
101 151
101 154
101 156
101 157
101 158
101 161
101 162
101 163
101 164
101 166
101 168
101 169
101 171
101 172
101 174
101 175
101 176
101 178
101 184
101 191
101 194
101 195
101 197
101 199
102 104
102 105
102 106
102 107
102 108
102 109
102 110
102 111
102 112
102 113
102 114
102 115
102 116
102 121
102 122
102 123
102 124
102 125
102 128
102 131
102 135
102 136
102 137
102 139
102 140
102 141
102 146
102 147
102 148
102 149
102 150
102 151
102 152
102 155
102 156
102 158
102 159
102 160
102 162
102 166
102 167
102 168
102 170
102 174
102 175
102 176
102 179
102 180
102 182
102 184
102 185
102 186
102 189
102 191
102 196
102 197
103 104
103 107
103 108
103 109
103 110
103 115
103 116
103 120
103 121
103 124
103 130
103 131
103 134
103 137
103 138
103 141
103 142
103 146
103 148
103 149
103 153
103 155
103 159
103 161
103 165
103 166
103 171
103 173
103 175
103 180
103 184
103 185
103 186
103 194
103 197
103 199
104 105
104 106
104 108
104 110
104 115
104 117
104 120
104 122
104 124
104 128
104 130
104 131
104 132
104 134
104 136
104 138
104 141
104 143
104 147
104 150
104 154
104 155
104 156
104 157
104 158
104 159
104 161
104 162
104 163
104 165
104 166
104 168
104 172
104 175
104 177
104 178
104 180
104 182
104 184
104 185
104 187
104 189
104 192
104 194
104 197
104 198
104 199
105 108
105 111
105 113
105 115
105 118
105 119
105 120
105 121
105 123
105 134
105 135
105 140
105 142
105 143
105 144
105 145
105 146
105 149
105 156
105 157
105 158
105 161
105 162
105 163
105 165
105 167
105 168
105 169
105 170
105 174
105 175
105 178
105 179
105 180
105 181
105 185
105 187
105 188
105 189
105 191
105 194
105 195
105 196
105 199
106 109
106 113
106 115
106 120
106 121
106 126
106 128
106 131
106 135
106 136
106 138
106 139
106 141
106 142
106 144
106 145
106 146
106 150
106 153
106 160
106 163
106 165
106 166
106 167
106 168
106 173
106 174
106 176
106 177
106 181
106 183
106 184
106 187
106 191
106 195
106 196
106 198
107 108
107 110
107 111
107 112
107 113
107 115
107 116
107 117
107 118
107 119
107 120
107 121
107 124
107 125
107 128
107 130
107 132
107 133
107 136
107 140
107 141
107 145
107 147
107 148
107 149
107 150
107 151
107 152
107 155
107 157
107 158
107 159
107 161
107 163
107 164
107 166
107 169
107 171
107 173
107 174
107 176
107 177
107 178
107 179
107 183
107 184
107 185
107 187
107 189
107 190
107 191
107 195
107 196
108 111
108 116
108 119
108 121
108 122
108 123
108 125
108 127
108 130
108 132
108 133
108 139
108 141
108 143
108 146
108 147
108 152
108 154
108 156
108 160
108 162
108 164
108 167
108 169
108 172
108 173
108 174
108 175
108 178
108 180
108 181
108 182
108 183
108 184
108 187
108 188
108 189
108 194
108 195
108 198
109 111
109 112
109 113
109 114
109 115
109 116
109 117
109 119
109 122
109 123
109 124
109 136
109 137
109 138
109 139
109 141
109 142
109 146
109 151
109 152
109 156
109 157
109 158
109 159
109 160
109 161
109 162
109 163
109 164
109 165
109 168
109 169
109 170
109 173
109 183
109 184
109 185
109 186
109 187
109 188
109 191
109 193
109 194
109 195
109 197
110 112
110 113
110 117
110 119
110 120
110 122
110 123
110 125
110 126
110 127
110 128
110 130
110 133
110 134
110 135
110 136
110 138
110 139
110 140
110 145
110 148
110 150
110 152
110 153
110 156
110 157
110 159
110 160
110 161
110 162
110 163
110 164
110 168
110 170
110 171
110 175
110 179
110 182
110 185
110 186
110 189
110 190
110 191
110 192
110 194
110 195
110 196
111 114
111 117
111 118
111 119
111 121
111 122
111 123
111 125
111 127
111 128
111 129
111 132
111 136
111 139
111 140
111 141
111 142
111 144
111 147
111 148
111 149
111 150
111 152
111 154
111 156
111 157
111 159
111 160
111 162
111 164
111 166
111 170
111 172
111 175
111 179
111 180
111 181
111 183
111 184
111 189
111 193
111 195
111 196
111 199
112 114
112 116
112 117
112 121
112 122
112 123
112 125
112 126
112 127
112 128
112 129
112 130
112 132
112 133
112 135
112 136
112 140
112 141
112 142
112 143
112 149
112 151
112 152
112 153
112 154
112 155
112 157
112 158
112 161
112 164
112 165
112 167
112 175
112 176
112 180
112 181
112 182
112 183
112 184
112 186
112 187
112 189
112 190
112 192
112 193
112 195
112 196
113 116
113 119
113 126
113 128
113 130
113 134
113 137
113 139
113 142
113 143
113 144
113 145
113 147
113 149
113 152
113 153
113 156
113 158
113 159
113 160
113 164
113 165
113 169
113 172
113 173
113 174
113 175
113 179
113 180
113 181
113 182
113 183
113 185
113 187
113 189
113 190
113 192
113 194
113 195
113 196
113 197
113 199
114 116
114 117
114 118
114 119
114 122
114 123
114 127
114 128
114 130
114 133
114 134
114 135
114 136
114 138
114 139
114 143
114 144
114 145
114 147
114 150
114 151
114 152
114 153
114 154
114 155
114 159
114 161
114 164
114 165
114 167
114 169
114 170
114 171
114 173
114 174
114 176
114 177
114 181
114 182
114 184
114 185
114 186
114 190
114 192
114 195
114 196
114 198
114 199
115 116
115 119
115 120
115 121
115 123
115 124
115 126
115 127
115 130
115 132
115 133
115 134
115 135
115 136
115 137
115 138
115 140
115 141
115 144
115 145
115 146
115 147
115 148
115 149
115 150
115 151
115 156
115 157
115 160
115 161
115 163
115 164
115 169
115 171
115 172
115 174
115 175
115 176
115 177
115 178
115 180
115 183
115 184
115 187
115 189
115 192
115 196
116 118
116 119
116 124
116 125
116 128
116 129
116 130
116 131
116 133
116 137
116 146
116 149
116 150
116 151
116 152
116 156
116 159
116 163
116 164
116 165
116 166
116 168
116 171
116 173
116 174
116 178
116 183
116 184
116 185
116 186
116 188
116 189
116 190
116 193
116 194
116 197
117 118
117 119
117 121
117 126
117 128
117 136
117 138
117 139
117 141
117 142
117 143
117 145
117 146
117 147
117 148
117 151
117 152
117 154
117 157
117 158
117 159
117 160
117 161
117 162
117 163
117 167
117 168
117 169
117 170
117 171
117 173
117 174
117 176
117 178
117 179
117 180
117 183
117 185
117 186
117 190
117 193
117 196
117 197
117 198
118 121
118 123
118 129
118 132
118 134
118 135
118 136
118 141
118 142
118 144
118 145
118 148
118 149
118 154
118 155
118 157
118 160
118 162
118 165
118 166
118 167
118 168
118 172
118 175
118 176
118 177
118 178
118 180
118 181
118 182
118 188
118 189
118 192
118 193
118 197
119 121
119 123
119 128
119 132
119 137
119 138
119 139
119 145
119 147
119 148
119 149
119 151
119 153
119 154
119 155
119 160
119 163
119 164
119 165
119 166
119 168
119 169
119 172
119 173
119 176
119 177
119 179
119 180
119 183
119 184
119 185
119 186
119 188
119 189
119 190
119 195
119 197
119 198
119 199
120 121
120 124
120 129
120 130
120 132
120 133
120 134
120 135
120 143
120 144
120 147
120 150
120 152
120 154
120 155
120 156
120 157
120 160
120 162
120 164
120 166
120 167
120 168
120 173
120 176
120 179
120 181
120 182
120 183
120 185
120 186
120 189
120 191
120 192
120 193
120 195
120 196
120 197
121 122
121 124
121 125
121 127
121 128
121 129
121 132
121 136
121 138
121 140
121 142
121 146
121 148
121 151
121 152
121 153
121 154
121 156
121 157
121 158
121 159
121 160
121 163
121 165
121 167
121 169
121 171
121 173
121 180
121 185
121 191
121 194
121 195
121 198
121 199
122 124
122 127
122 128
122 132
122 134
122 135
122 136
122 142
122 144
122 147
122 149
122 151
122 152
122 155
122 160
122 161
122 162
122 163
122 164
122 165
122 169
122 171
122 172
122 173
122 179
122 181
122 182
122 184
122 186
122 188
122 189
122 192
122 193
122 194
122 195
122 196
122 197
123 124
123 127
123 129
123 131
123 132
123 133
123 136
123 138
123 139
123 140
123 145
123 150
123 152
123 153
123 154
123 155
123 156
123 157
123 158
123 160
123 163
123 164
123 165
123 166
123 168
123 169
123 170
123 171
123 172
123 175
123 176
123 178
123 179
123 180
123 181
123 182
123 183
123 184
123 185
123 187
123 188
123 189
123 190
123 192
123 195
123 197
123 198
123 199
124 125
124 126
124 127
124 128
124 129
124 132
124 133
124 137
124 141
124 142
124 144
124 146
124 148
124 151
124 154
124 160
124 161
124 163
124 164
124 165
124 168
124 169
124 171
124 173
124 175
124 176
124 177
124 178
124 181
124 183
124 187
124 189
124 196
124 197
125 127
125 128
125 131
125 132
125 133
125 134
125 135
125 137
125 138
125 139
125 140
125 141
125 143
125 144
125 145
125 147
125 150
125 151
125 157
125 163
125 164
125 166
125 167
125 171
125 173
125 175
125 178
125 181
125 184
125 186
125 187
125 188
125 190
125 191
125 193
125 194
125 195
125 196
125 198
126 127
126 128
126 129
126 130
126 133
126 136
126 137
126 138
126 139
126 140
126 141
126 144
126 145
126 147
126 149
126 153
126 154
126 158
126 161
126 163
126 164
126 165
126 166
126 167
126 168
126 169
126 171
126 177
126 180
126 181
126 184
126 186
126 187
126 192
126 193
126 195
126 196
127 128
127 129
127 130
127 132
127 133
127 135
127 137
127 139
127 140
127 141
127 143
127 144
127 145
127 147
127 150
127 153
127 154
127 155
127 160
127 161
127 163
127 164
127 166
127 167
127 168
127 169
127 170
127 187
127 189
127 191
127 192
127 193
127 195
127 196
128 131
128 133
128 134
128 136
128 137
128 139
128 141
128 142
128 143
128 144
128 145
128 146
128 148
128 149
128 150
128 151
128 154
128 155
128 156
128 161
128 162
128 163
128 165
128 167
128 168
128 169
128 170
128 171
128 172
128 175
128 177
128 179
128 180
128 181
128 185
128 186
128 187
128 191
128 194
128 196
128 197
128 198
128 199
129 132
129 133
129 136
129 138
129 140
129 141
129 143
129 144
129 145
129 156
129 161
129 165
129 168
129 169
129 173
129 175
129 178
129 182
129 185
129 186
129 187
129 189
129 190
129 192
129 194
129 197
129 199
130 132
130 137
130 140
130 144
130 146
130 148
130 149
130 150
130 152
130 154
130 160
130 164
130 165
130 166
130 169
130 172
130 174
130 176
130 177
130 178
130 180
130 181
130 183
130 185
130 186
130 189
130 191
130 193
130 196
130 197
130 199
131 133
131 136
131 140
131 141
131 142
131 144
131 145
131 148
131 151
131 152
131 154
131 160
131 161
131 163
131 165
131 168
131 170
131 172
131 173
131 175
131 176
131 177
131 180
131 181
131 182
131 183
131 184
131 186
131 188
131 189
131 190
131 191
131 192
131 193
131 194
131 196
131 199
132 133
132 134
132 135
132 147
132 148
132 150
132 151
132 154
132 155
132 156
132 157
132 158
132 159
132 160
132 162
132 163
132 167
132 168
132 171
132 173
132 176
132 178
132 179
132 180
132 181
132 182
132 183
132 184
132 186
132 191
132 192
132 193
132 195
132 197
133 134
133 135
133 137
133 138
133 143
133 145
133 148
133 150
133 153
133 154
133 155
133 156
133 158
133 162
133 165
133 167
133 169
133 171
133 172
133 175
133 176
133 179
133 181
133 183
133 186
133 192
133 193
133 194
133 197
134 135
134 137
134 143
134 146
134 147
134 149
134 150
134 151
134 152
134 153
134 158
134 160
134 161
134 162
134 166
134 170
134 171
134 174
134 176
134 177
134 178
134 180
134 183
134 184
134 185
134 187
134 189
134 191
134 193
134 194
134 196
134 198
134 199
135 136
135 137
135 138
135 140
135 143
135 147
135 149
135 152
135 154
135 158
135 160
135 161
135 164
135 168
135 169
135 170
135 176
135 177
135 178
135 179
135 180
135 181
135 184
135 185
135 186
135 188
135 189
135 191
135 193
135 194
135 197
135 198
135 199
136 139
136 140
136 145
136 146
136 149
136 150
136 152
136 160
136 162
136 163
136 164
136 166
136 167
136 168
136 169
136 170
136 171
136 173
136 174
136 175
136 176
136 178
136 179
136 180
136 181
136 184
136 185
136 188
136 189
136 190
136 192
136 193
136 197
136 198
137 139
137 141
137 142
137 146
137 147
137 148
137 150
137 151
137 153
137 155
137 159
137 162
137 167
137 168
137 169
137 170
137 171
137 172
137 176
137 178
137 182
137 185
137 186
137 188
137 189
137 191
137 193
137 196
137 197
137 198
137 199
138 139
138 145
138 146
138 147
138 151
138 153
138 155
138 157
138 164
138 165
138 166
138 167
138 168
138 174
138 179
138 180
138 181
138 182
138 183
138 184
138 185
138 187
138 188
138 192
138 195
138 196
138 198
138 199
139 142
139 143
139 144
139 147
139 150
139 155
139 156
139 157
139 159
139 162
139 163
139 164
139 167
139 170
139 174
139 175
139 176
139 179
139 182
139 185
139 187
139 191
139 193
139 195
139 197
139 198
139 199
140 141
140 142
140 143
140 148
140 150
140 153
140 154
140 157
140 158
140 161
140 163
140 165
140 166
140 169
140 173
140 174
140 175
140 177
140 180
140 184
140 187
140 191
140 194
140 195
140 198
141 144
141 146
141 152
141 153
141 154
141 155
141 157
141 158
141 159
141 162
141 166
141 167
141 168
141 170
141 176
141 178
141 182
141 183
141 184
141 185
141 186
141 187
141 188
141 189
141 190
141 193
141 195
141 196
141 198
142 147
142 154
142 158
142 159
142 160
142 162
142 165
142 168
142 176
142 181
142 182
142 184
142 185
142 191
142 192
142 193
142 198
142 199
143 144
143 145
143 147
143 148
143 154
143 155
143 159
143 163
143 164
143 165
143 168
143 170
143 172
143 174
143 177
143 181
143 182
143 184
143 186
143 190
143 191
143 192
143 195
143 197
143 198
143 199
144 145
144 146
144 147
144 148
144 150
144 152
144 155
144 158
144 159
144 161
144 163
144 164
144 166
144 167
144 171
144 172
144 174
144 177
144 178
144 182
144 183
144 185
144 186
144 189
144 190
144 193
144 194
144 197
145 146
145 148
145 149
145 151
145 152
145 157
145 158
145 161
145 164
145 167
145 171
145 172
145 173
145 174
145 175
145 178
145 179
145 181
145 183
145 185
145 187
145 190
145 195
145 198
146 147
146 148
146 149
146 150
146 151
146 152
146 153
146 156
146 157
146 158
146 159
146 161
146 163
146 166
146 168
146 170
146 172
146 174
146 175
146 177
146 178
146 179
146 184
146 188
146 189
146 190
146 191
146 193
146 194
146 195
146 196
146 197
146 199
147 148
147 150
147 152
147 153
147 155
147 156
147 157
147 159
147 161
147 164
147 165
147 166
147 167
147 168
147 171
147 172
147 173
147 174
147 175
147 180
147 182
147 183
147 185
147 187
147 188
147 189
147 191
147 192
147 193
147 196
147 197
148 149
148 150
148 151
148 153
148 155
148 156
148 157
148 160
148 161
148 162
148 163
148 164
148 165
148 166
148 167
148 171
148 172
148 173
148 174
148 176
148 180
148 183
148 184
148 185
148 188
148 191
148 192
148 193
148 194
148 195
148 196
148 197
148 198
148 199
149 151
149 152
149 153
149 154
149 159
149 160
149 161
149 162
149 163
149 167
149 168
149 171
149 172
149 173
149 174
149 175
149 176
149 178
149 180
149 182
149 183
149 184
149 186
149 190
149 191
149 192
149 194
149 195
149 199
150 151
150 154
150 155
150 157
150 158
150 159
150 160
150 161
150 162
150 163
150 166
150 167
150 170
150 173
150 176
150 180
150 182
150 184
150 185
150 187
150 188
150 190
150 193
150 194
150 195
150 196
150 198
150 199
151 152
151 153
151 158
151 159
151 160
151 162
151 163
151 172
151 174
151 176
151 178
151 189
151 192
151 193
151 194
151 195
151 196
151 198
151 199
152 155
152 157
152 159
152 160
152 161
152 162
152 163
152 165
152 166
152 168
152 169
152 175
152 176
152 177
152 178
152 179
152 180
152 182
152 184
152 186
152 188
152 189
152 191
152 192
152 193
152 194
152 196
152 198
152 199
153 155
153 156
153 158
153 159
153 161
153 163
153 166
153 168
153 170
153 171
153 172
153 174
153 175
153 177
153 181
153 183
153 184
153 185
153 186
153 189
153 190
153 191
153 195
153 198
153 199
154 155
154 156
154 157
154 161
154 163
154 164
154 167
154 168
154 169
154 170
154 171
154 173
154 179
154 181
154 185
154 187
154 188
154 189
154 190
154 194
154 195
154 198
155 157
155 159
155 161
155 162
155 163
155 164
155 166
155 167
155 168
155 169
155 173
155 177
155 178
155 180
155 181
155 183
155 184
155 186
155 187
155 189
155 196
155 197
155 198
156 159
156 160
156 165
156 167
156 172
156 176
156 178
156 179
156 180
156 181
156 182
156 183
156 186
156 187
156 189
156 197
156 198
156 199
157 158
157 159
157 160
157 162
157 164
157 165
157 167
157 169
157 171
157 178
157 179
157 182
157 184
157 185
157 186
157 187
157 192
157 195
158 161
158 162
158 163
158 164
158 165
158 167
158 168
158 169
158 171
158 173
158 175
158 176
158 177
158 179
158 180
158 183
158 187
158 189
158 190
158 193
158 195
158 196
158 197
158 198
159 161
159 162
159 163
159 164
159 169
159 170
159 171
159 172
159 173
159 174
159 176
159 177
159 178
159 180
159 182
159 183
159 184
159 185
159 186
159 188
159 189
159 193
159 195
159 196
159 197
159 198
159 199
160 165
160 167
160 168
160 169
160 171
160 173
160 175
160 176
160 177
160 180
160 181
160 185
160 186
160 187
160 190
160 193
160 194
160 195
160 196
160 197
161 162
161 164
161 165
161 167
161 169
161 171
161 173
161 176
161 181
161 184
161 190
161 194
161 196
161 198
161 199
162 165
162 166
162 167
162 168
162 169
162 170
162 171
162 172
162 173
162 174
162 175
162 177
162 178
162 179
162 181
162 183
162 184
162 187
162 188
162 191
162 193
162 194
162 195
162 197
162 199
163 165
163 166
163 167
163 169
163 170
163 172
163 174
163 176
163 178
163 182
163 183
163 185
163 191
163 192
163 193
163 194
163 196
163 197
164 165
164 166
164 169
164 170
164 174
164 175
164 176
164 181
164 182
164 183
164 186
164 188
164 189
164 191
164 195
164 196
164 197
164 199
165 166
165 169
165 170
165 171
165 172
165 173
165 176
165 180
165 182
165 183
165 185
165 190
165 192
165 195
165 199
166 167
166 168
166 170
166 172
166 173
166 174
166 179
166 181
166 186
166 189
166 190
166 191
166 196
166 199
167 168
167 171
167 172
167 173
167 176
167 179
167 180
167 182
167 183
167 185
167 188
167 193
167 195
167 196
167 199
168 172
168 174
168 178
168 180
168 183
168 184
168 185
168 186
168 188
168 189
168 190
168 192
168 193
168 194
168 195
168 196
168 197
168 198
169 170
169 171
169 172
169 173
169 176
169 177
169 182
169 183
169 184
169 189
169 190
169 191
169 193
169 195
169 198
170 173
170 174
170 176
170 177
170 178
170 179
170 180
170 183
170 185
170 186
170 188
170 189
170 190
170 192
170 198
170 199
171 173
171 176
171 178
171 179
171 181
171 182
171 188
171 189
171 193
171 194
171 196
172 175
172 178
172 179
172 180
172 182
172 183
172 192
172 195
172 197
172 198
172 199
173 178
173 180
173 185
173 186
173 188
173 191
173 192
173 193
173 194
173 196
173 198
174 175
174 179
174 183
174 185
174 188
174 189
174 190
174 191
174 192
174 195
174 196
174 198
175 177
175 178
175 179
175 180
175 181
175 184
175 187
175 189
175 190
175 191
175 192
175 195
175 196
175 199
176 179
176 180
176 183
176 187
176 188
176 191
176 192
176 195
176 196
176 199
177 178
177 179
177 182
177 185
177 186
177 188
177 190
177 193
177 194
177 195
177 196
177 197
177 198
178 179
178 183
178 184
178 185
178 186
178 189
178 191
178 192
178 193
178 194
178 197
178 199
179 180
179 181
179 182
179 185
179 186
179 187
179 188
179 190
179 193
179 194
179 195
179 196
179 197
179 198
180 181
180 183
180 185
180 188
180 189
180 191
180 193
180 198
180 199
181 185
181 186
181 188
181 189
181 190
181 193
181 196
181 197
181 198
182 183
182 184
182 185
182 189
182 192
182 193
182 194
182 198
183 185
183 186
183 188
183 189
183 192
183 193
183 194
183 199
184 185
184 186
184 187
184 189
184 190
184 192
184 193
184 194
184 199
185 188
185 191
185 193
185 197
185 198
186 192
186 195
186 198
187 189
187 190
187 195
187 197
187 199
188 189
188 192
188 195
188 199
189 190
189 192
189 193
189 196
190 193
190 195
190 198
190 199
191 193
191 198
192 195
192 196
192 198
192 199
193 194
193 195
194 196
194 198
194 199
195 197
195 199
196 197
196 199
